	SRR034450	SRR034451	SRR034452	SRR034453
lmo0001	160	323	533	293
lmo0002	135	317	504	306
lmo0003	1	4	5	3
lmo0004	35	59	58	48
lmo0005	113	218	257	187
lmo0006	279	519	653	539
lmo0007	563	1053	1165	1069
lmo0008	34	84	203	107
lmo0009	13	45	90	49
lmo0010	57	210	237	169
lmo0011	65	224	247	179
lmo0012	65	226	250	215
lmo0013	342	500	738	682
lmo0014	662	1032	1283	1311
lmo0015	321	413	631	637
lmo0016	175	253	273	325
lmo0017	3	6	6	6
lmo0018	33	38	46	45
lmo0019	13	1	39	1
lmo0020	3	12	28	15
lmo0021	3	4	14	12
lmo0022	2	3	5	1
lmo0023	2	0	3	2
lmo0024	1	0	2	6
lmo0025	4	0	12	4
lmo0026	0	0	2	0
lmo0027	3	4	174	59
lmo0028	7	3	16	10
lmos01	0	0	0	0
lmo0029	76	254	135	145
lmo0030	11	22	45	34
lmo0031	13	33	35	44
lmo0032	1	0	1	3
lmo0033	1	1	2	2
lmo0034	0	2	2	4
lmo0035	0	3	6	5
lmo0036	3	2	5	2
lmo0037	4	3	9	4
lmo0038	3	0	10	4
lmo0039	1	2	8	4
lmo0040	4	4	11	9
lmo0041	0	3	2	2
lmo0042	0	1	7	3
lmo0043	52	1	63	2
lmo0044	171	421	286	466
lmo0045	423	1223	901	1257
lmo0046	134	395	232	436
lmo0047	5	21	44	29
lmo0048	10	25	28	37
lmo0049	0	2	4	3
lmo0050	13	28	37	31
lmo0051	19	34	40	35
lmo0052	223	416	624	434
lmo0053	68	106	208	122
lmo0054	284	467	665	482
lmo0055	28	102	77	92
lmo0056	5	12	12	7
lmo0057	1	1	1	0
lmo0058	0	0	0	0
lmo0059	0	0	0	0
lmo0060	0	0	2	0
lmo0061	0	2	1	1
lmo0062	0	0	0	0
lmo0063	0	0	0	0
lmo0064	0	0	0	0
lmo0065	0	0	0	0
lmo0066	0	0	0	0
lmo0067	0	0	0	0
lmo0068	0	0	0	0
lmo0069	0	0	0	0
lmo0070	0	0	0	0
lmo0071	0	0	0	0
lmo0072	0	0	0	0
lmo0073	0	0	0	0
lmo0074	0	0	0	0
lmo0075	7	19	45	27
lmo0076	21	53	75	61
lmo0077	5	8	13	4
lmo0078	22	50	68	46
lmot01	22	34	34	48
lmo0079	0	1	0	2
lmo0080	0	0	0	0
lmo0081	0	0	0	0
lmo0082	3	8	8	9
lmo0083	3	17	22	13
lmo0084	14	14	32	24
lmo0085	0	0	0	0
lmo0086	0	1	2	1
lmo0087	0	3	4	3
lmo0088	0	0	1	0
lmo0089	1	1	4	1
lmo0090	1	2	4	2
lmo0091	2	1	2	0
lmo0092	2	2	6	0
lmo0093	0	0	2	2
lmo0094	0	2	4	1
lmo0095	4	12	9	11
lmo0096	8	22	4	7
lmo0097	6	17	3	3
lmo0098	17	28	16	6
lmo0099	12	30	54	38
lmo0100	26	38	74	37
lmo0101	12	23	42	26
lmo0102	0	4	1	0
lmo0103	3	7	5	2
lmo0104	25	53	58	57
lmo0105	10	1	25	9
lmo0106	6	24	37	15
lmo0107	1	4	13	9
lmo0108	3	2	6	4
lmo0109	70	32	353	291
lmo0110	147	60	524	371
lmo0111	4	6	7	9
lmo0112	0	8	9	7
lmo0113	23	47	48	48
lmo0114	19	43	31	25
lmo0115	1	2	2	2
lmo0116	0	0	3	1
lmo0117	6	3	8	2
lmo0118	4	4	6	3
lmo0119	0	0	1	2
lmo0120	2	2	3	0
lmo0121	18	9	19	13
lmo0122	12	3	9	5
lmo0123	12	4	16	12
lmo0124	0	3	3	4
lmo0125	4	3	16	4
lmo0126	5	2	5	4
lmo0127	4	3	8	7
lmo0128	3	1	9	5
lmo0129	10	5	11	10
lmo0130	28	10	262	105
lmo0131	3	10	13	12
lmo0132	26	73	124	54
lmo0133	17	1	22	0
lmo0134	30	0	38	0
lmos03	9	55	67	21
lmo0135	282	697	665	346
lmo0136	24	120	170	62
lmo0137	35	196	134	90
lmo0138	2	1	1	2
lmo0139	2	1	1	0
lmo0140	2	1	2	3
lmo0141	0	0	0	0
lmo0142	0	0	0	0
lmo0142a	0	0	0	0
lmo0143	0	0	0	0
lmo0144	0	0	0	0
lmo0146	0	0	0	0
lmo0147	2	2	1	1
lmo0148	0	0	0	0
lmo0149	0	0	1	0
lmo0150	0	0	0	0
lmo0151	0	0	0	0
lmo0152	265	723	495	328
lmo0153	0	0	1	2
lmo0154	0	0	0	0
lmo0155	0	2	0	4
lmo0156	1	1	0	0
lmo0157	11	29	64	67
lmo0158	27	55	85	49
lmo0159	0	2	4	4
lmo0160	35	43	39	24
lmo0161	58	181	124	171
lmo0162	96	278	273	231
lmo0163	96	302	202	271
lmo0164	64	142	189	172
lmo0165	30	105	115	122
lmo0166	15	39	40	37
lmo0167	64	216	163	171
lmo0168	12	15	19	16
lmo0169	29	4	55	3
lmo0170	97	73	253	48
lmo0171	16	46	66	51
lmos04	1	2	0	1
lmo0174	0	1	1	0
lmo0175	0	2	5	1
lmo0176	26	77	71	66
lmo0177	121	353	438	369
lmo0178	68	22	186	204
lmo0179	7	10	69	73
lmo0180	15	3	62	45
lmo0181	22	1	134	101
lmo0182	8	2	82	87
lmo0183	23	11	148	120
lmo0184	22	20	180	105
lmo0185	13	52	66	41
lmo0186	33	121	206	95
lmo0187	15	26	37	19
lmo0188	17	40	59	32
lmo0189	235	761	308	389
lmo0190	59	204	219	175
lmo0191	117	241	329	241
lmo0192	55	124	190	127
lmo0193	3	7	11	3
lmo0194	4	3	11	5
lmo0195	2	11	27	12
lmo0196	646	1566	2388	1676
lmo0197	513	1363	1989	1554
lmo0198	117	237	280	194
lmo0199	87	145	247	189
lmo0200	42	130	94	105
lmos05	5	15	11	14
lmo0201	25	39	15	31
lmo0202	593	760	129	659
lmos06	8	15	2	21
lmo0203	17	22	8	16
lmo0204	46	56	26	35
lmo0205	31	40	13	31
lmo0206	0	2	0	2
lmo0207	3	6	2	6
lmo0208	75	167	109	77
lmo0209	33	134	33	22
lmo0210	310	904	333	130
lmo0211	1464	2335	1949	1464
lmo0212	19	28	43	53
lmo0213	34	66	89	48
lmo0214	35	80	107	87
lmo0215	47	155	120	140
lmo0216	26	69	116	83
lmo0217	108	200	284	213
lmo0218	144	287	392	267
lmo0219	71	173	295	162
lmo0220	670	1917	2262	1241
lmo0221	22	83	70	45
lmo0222	34	98	70	44
lmo0223	1064	2644	2038	1643
lmos07	0	1	0	4
lmos08	0	0	0	0
lmos09	0	0	0	0
lmos10	0	0	0	1
lmo0224	119	226	140	154
lmo0225	34	53	56	58
lmo0226	28	59	36	54
lmo0227	106	214	191	153
lmo0228	90	282	303	165
lmor01	49661	65415	68357	89742
lmor02	252107	292615	367753	415853
lmor03	8399	20443	15033	28162
lmot02	2287	5150	1290	3580
lmot03	64	280	15	46
lmot04	46	127	8	28
lmot05	50	646	23	107
lmot06	1901	4986	937	1089
lmot07	79	548	15	140
lmot08	548	1974	28	76
lmot09	8	6	2	1
lmot10	790	3001	33	132
lmor04	45836	60750	68478	85272
lmor05	244106	279512	356319	402567
lmor06	8398	20441	15033	28158
lmo0229	10	81	49	54
lmo0230	39	243	115	149
lmo0231	100	483	314	307
lmo0232	435	1670	1169	1001
lmo0233	38	120	146	131
lmo0234	72	205	339	206
lmo0235	44	151	242	170
lmo0236	45	97	156	124
lmo0237	210	403	704	473
lmos11	92	212	225	191
lmo0238	189	391	394	331
lmo0239	599	1243	1322	1006
lmo0240	205	323	431	300
lmo0241	108	199	319	154
lmo0242	113	230	344	206
lmo0243	148	311	486	298
lmo0244	47	94	101	94
lmo0245	26	67	130	65
lmo0246	37	87	86	80
lmo0247	2	4	5	2
lmo0248	121	445	436	378
lmo0249	168	607	562	510
lmos12	44	140	106	83
lmo0250	57	322	157	263
lmo0251	38	163	121	135
lmo0252	0	1	0	1
lmo0253	0	0	0	0
lmo0254	0	0	0	0
lmo0255	3	4	1	3
lmo0256	6	17	37	20
lmos13	28	37	40	44
lmo0257	12	17	22	14
lmo0258	1761	3560	3954	4233
lmo0259	2030	3752	4603	4867
lmo0260	20	13	39	31
lmo0261	147	88	230	228
lmo0262	3	4	7	3
lmo0263	98	1	110	3
lmo0264	0	0	0	2
lmo0265	66	0	115	0
lmo0266	13	25	18	20
lmo0267	21	57	34	37
lmo0268	49	156	195	121
lmo0269	0	6	4	3
lmo0270	34	100	70	84
lmo0271	111	231	131	220
lmo0272	4	16	24	14
lmo0273	19	29	40	26
lmo0274	8	4	13	6
lmo0275	12	24	45	40
lmo0276	10	18	32	44
lmo0277	2	7	18	10
lmo0278	16	29	113	68
lmo0279	211	231	158	57
lmo0280	90	85	32	17
lmo0281	17	45	19	34
lmo0282	11	43	50	24
lmo0283	15	65	63	45
lmo0284	18	92	123	84
lmo0285	13	79	52	40
lmos14	13	136	21	22
lmo0286	6	27	52	37
lmo0287	129	323	371	315
lmo0288	50	102	180	114
lmo0289	34	58	152	128
lmo0290	35	58	151	105
lmo0291	142	176	340	131
lmo0292	418	512	1040	472
lmo0293	7	20	19	19
lmo0294	0	0	0	0
lmo0295	0	0	0	0
lmo0296	25	53	50	50
lmo0297	15	14	30	45
lmo0298	1	1	11	17
lmo0299	0	1	2	3
lmo0300	2	2	9	23
lmo0301	1	0	2	5
lmo0302	4	11	21	9
lmo0303	6	11	28	13
lmo0304	13	3	19	16
lmo0305	57	88	159	98
lmo0306	0	0	0	0
lmo0307	0	0	0	2
lmo0309	0	0	0	0
lmo0310	0	0	0	0
lmo0311	0	0	0	0
lmo0312	0	0	0	0
lmo0313	0	0	0	0
lmo0314	6	9	13	9
lmos15	15	18	4	10
lmo0315	8	11	5	2
lmo0316	12	27	8	1
lmo0317	26	39	6	3
lmo0318	20	27	3	3
lmo0319	34	71	67	80
lmo0320	0	0	0	0
lmo0321	41	19	56	2
lmo0322	0	1	0	0
lmo0323	29	10	42	30
lmo0324	0	0	0	0
lmo0325	2	0	15	4
lmo0326	1	0	0	0
lmo0327	1	2	2	1
lmo0328	0	0	0	0
lmo0329	0	1	2	0
lmo0330	1	1	1	3
lmo0331	5	5	11	8
lmo0332	2	2	5	3
lmo0333	7	15	39	8
lmo0334	8	22	17	27
lmo0335	1	2	0	0
lmo0336	0	0	3	3
lmo0337	1	3	6	2
lmo0338	0	0	0	0
lmo0339	1	0	2	0
lmo0340	0	0	0	3
lmo0341	14	46	22	42
lmo0342	53	8	51	43
lmo0343	22	3	18	25
lmo0344	17	2	12	15
lmo0345	9	1	5	4
lmo0346	15	1	15	12
lmo0347	16	4	13	13
lmo0348	32	1	27	21
lmo0349	0	0	1	4
lmo0350	5	1	3	2
lmo0351	4	0	1	4
lmo0352	16	33	30	22
lmo0353	12	20	15	13
lmo0354	40	56	62	36
lmo0355	37	164	42	42
lmo0356	110	194	139	125
lmo0357	0	1	1	1
lmo0358	2	0	4	3
lmo0359	22	40	60	40
lmo0360	23	33	63	44
lmo0360a	0	0	0	0
lmos16	0	0	0	0
lmo0361	15	24	23	23
lmo0362	3	7	2	5
lmo0363	8	8	14	10
lmo0364	2	2	8	6
lmo0365	0	6	4	2
lmo0366	0	4	4	2
lmo0367	1	4	3	4
lmo0368	23	62	55	46
lmo0369	153	191	257	215
lmo0370	52	81	93	76
lmo0371	23	16	22	20
lmo0372	15	4	25	8
lmo0373	15	3	22	12
lmo0374	2	0	8	4
lmo0375	49	89	59	65
lmo0376	123	200	202	271
lmo0377	58	60	75	102
lmo0378	2	1	1	3
lmo0379	0	5	3	4
lmo0380	2	2	2	3
lmo0381	0	1	1	3
lmo0382	9	13	19	8
lmo0383	26	8	28	29
lmo0384	7	1	11	12
lmo0385	26	5	24	22
lmo0386	36	15	34	41
lmo0387	97	134	127	115
lmo0388	64	88	102	98
lmo0389	11	34	29	32
lmo0390	10	15	21	9
lmo0391	57	46	157	136
lmo0392	214	198	551	561
lmo0393	82	81	190	214
lmo0394	19	52	579	388
lmo0395	2	14	23	19
lmo0396	30	55	89	77
lmo0397	54	71	72	76
lmo0398	625	0	22	62
lmo0399	704	3	29	67
lmo0400	1397	3	71	126
lmo0401	3634	10	186	289
lmo0402	594	9	42	69
lmo0403	7	13	25	20
lmo0404	11	31	49	43
lmo0405	22	9	35	3
lmo0406	5	3	21	1
lmo0407	9	26	30	10
lmo0408	24	36	85	18
lmo0409	3	8	12	5
lmo0411	9	23	100	25
lmos17	0	0	0	0
lmo0412	0	7	6	5
lmo0413	13	34	30	23
lmo0414	25	53	35	49
lmo0415	275	819	955	619
lmo0416	6	7	12	9
lmo0417	1	9	6	10
lmo0418	3	5	9	5
lmo0419	0	2	3	2
lmo0420	8	19	36	26
lmo0421	4	33	15	22
lmo0422	5	11	4	7
lmo0423	0	10	1	0
lmo0424	1	7	13	7
lmo0425	29	11	72	60
lmo0426	3	1	13	9
lmo0427	10	1	19	9
lmo0428	35	22	69	57
lmo0429	69	48	206	203
lmo0430	6	25	24	21
lmo0431	3	10	9	6
lmo0432	6	5	15	9
lmo0433	94	19	74	25
lmo0434	28	7	25	8
lmo0435	0	0	0	0
lmo0436	1	0	1	0
lmo0437	7	21	4	21
lmo0438	0	0	1	0
lmo0439	17	1	46	1
lmo0440	8	14	18	17
lmo0441	56	175	237	194
lmo0442	2	0	0	0
lmo0443	270	574	716	779
lmo0444	9	48	39	50
lmo0445	39	3	59	1
lmo0446	0	0	3	2
lmo0447	4	6	8	4
lmo0448	6	6	8	4
lmo0448a	1	1	0	0
lmo0449	13	30	43	25
lmo0450	15	40	40	41
lmo0451	17	39	37	29
lmo0452	20	62	88	52
lmo0453	8	42	60	39
lmo0454	16	34	46	27
lmo0455	10	11	46	32
lmo0456	3	7	4	5
lmo0457	0	7	7	5
lmo0458	1	9	6	7
lmo0459	0	0	0	0
lmo0460	0	0	0	0
lmo0461	0	0	0	0
lmo0462	0	0	0	0
lmo0463	0	0	0	0
lmo0464	0	0	0	0
lmo0464a	0	0	0	0
lmo0465	0	0	0	0
lmo0466	0	0	0	0
lmo0467	0	0	0	0
lmo0468	0	0	0	0
lmo0469	0	0	0	0
lmo0470	0	0	0	0
lmos18	0	0	0	0
lmos19	0	0	0	0
lmo0471	0	0	0	0
lmo0472	0	0	0	0
lmo0473	1	1	1	1
lmo0474	0	0	1	0
lmo0475	0	0	1	0
lmo0476	3	3	4	1
lmos20	0	0	0	0
lmo0477	0	2	2	0
lmo0478	2	0	0	1
lmo0479	2	3	3	0
lmo0480	1	11	14	5
lmo0481	44	52	86	52
lmo0482	34	64	77	57
lmo0483	36	37	51	33
lmo0484	17	33	14	16
lmo0485	25	138	22	31
lmo0486	63	362	121	111
lmo0487	12	15	32	29
lmo0488	21	19	20	47
lmo0489	1	2	4	1
lmo0490	3	7	7	5
lmo0491	5	27	31	13
lmo0492	12	27	47	21
lmo0493	8	22	24	24
lmo0494	18	54	94	49
lmo0495	4	18	20	19
lmo0496	9	30	9	14
lmo0497	11	16	41	17
lmo0498	0	0	1	0
lmo0499	1	0	5	2
lmo0500	0	0	5	5
lmo0501	11	6	50	43
lmo0502	4	3	6	14
lmo0503	1	1	9	12
lmo0504	0	0	11	4
lmo0505	0	2	9	5
lmo0506	151	232	60	204
lmo0507	2	0	5	6
lmo0508	4	3	29	17
lmo0509	135	244	239	280
lmos21	0	6	16	7
lmo0510	4	3	14	10
lmo0511	7	23	44	31
lmo0512	50	117	85	75
lmo0513	31	93	102	63
lmo0514	8	15	1	1
lmo0515	42	4	33	2
lmo0516	14	27	24	26
lmo0517	0	0	4	3
lmos22	0	0	0	2
lmo0518	7	15	12	10
lmo0519	18	167	101	75
lmo0520	24	62	47	58
lmo0521	83	74	136	132
lmo0522	9	15	30	19
lmo0523	0	1	3	0
lmo0524	41	38	170	60
lmo0525	8	11	31	14
lmo0526	3	13	15	10
lmo0527	3	7	15	9
lmo0528	1	2	18	8
lmo0529	2	9	18	5
lmo0530	12	11	45	15
lmo0531	5	11	20	13
lmo0532	0	2	10	2
lmo0533	3	5	22	4
lmo0534	14	75	114	64
lmo0535	45	89	124	112
lmo0536	53	20	56	136
lmo0537	9	25	60	28
lmo0538	15	12	36	11
lmo0539	514	51	842	75
lmo0540	62	73	182	123
lmo0541	12	30	8	20
lmo0542	0	0	0	0
lmo0543	1	0	6	4
lmo0544	0	0	3	4
lmo0545	0	0	2	1
lmo0546	0	1	5	4
lmo0547	14	19	36	28
lmo0548	0	0	0	1
lmo0549	0	0	1	0
lmo0550	0	0	3	0
lmo0551	3	1	10	2
lmo0552	2	1	4	1
lmo0553	237	375	342	359
lmo0554	42	0	172	2
lmo0555	105	25	256	30
lmo0556	38	42	154	90
lmo0557	46	74	156	124
lmo0558	168	214	315	232
lmos23	64	91	14	68
lmo0559	2	2	3	1
lmo0560	82	625	353	337
lmos24	185	364	1070	1041
lmo0561	3	10	13	6
lmo0562	4	6	8	10
lmo0563	13	18	37	30
lmo0564	3	10	11	8
lmo0565	3	10	7	6
lmo0566	2	6	7	10
lmo0567	12	24	38	33
lmo0568	3	16	20	15
lmo0569	8	35	36	20
lmo0570	7	10	35	24
lmo0571	6	9	18	9
lmo0572	8	13	29	14
lmo0573	0	17	6	8
lmos25	2	4	3	8
lmo0574	71	166	69	91
lmo0575	57	153	134	89
lmo0576	5	12	8	12
lmo0577	25	33	33	45
lmo0578	31	38	39	38
lmo0579	12	17	38	12
lmo0580	40	59	119	52
lmo0581	61	109	176	159
lmo0582	1041	2002	3358	1980
lmo0583	89	198	314	264
lmo0584	175	185	393	210
lmo0585	3	3	4	3
lmo0586	0	1	4	0
lmo0587	5	2	15	3
lmo0588	30	87	55	39
lmo0589	10	27	34	10
lmo0590	35	84	153	63
lmo0591	17	31	51	25
lmo0592	66	188	262	185
lmo0593	41	16	51	7
lmo0594	24	74	65	54
lmo0595	26	62	72	65
lmos26	86	278	54	50
lmo0596	62	0	168	1
lmo0597	19	28	57	27
lmo0597a	0	0	0	0
lmo0599	2	0	6	1
lmo0600	8	6	18	9
lmo0601	17	15	36	18
lmo0602	65	0	78	0
lmo0603	42	137	64	97
lmo0604	6	18	32	22
lmo0605	1	0	34	5
lmo0606	52	115	90	73
lmo0607	217	571	379	369
lmo0608	328	838	615	582
lmo0609	97	332	153	150
lmo0610	27	13	50	5
lmo0611	36	104	94	73
lmo0612	67	311	108	70
lmo0613	176	964	279	217
lmo0614	13	15	43	30
lmo0615	5	11	10	15
lmo0616	35	50	83	69
lmo0617	0	3	5	4
lmo0618	6	33	43	27
lmo0619	4	6	7	13
lmo0620	9	17	29	30
lmo0621	3	6	5	5
lmo0622	4	5	9	8
lmo0623	10	3	19	9
lmo0624	67	141	170	194
lmo0625	102	233	229	322
lmo0626	22	10	53	18
lmo0627	8	12	15	5
lmo0628	13	0	15	0
lmo0629	24	11	25	12
lmo0630	2	0	8	3
lmo0631	0	0	3	1
lmo0632	2	0	2	5
lmo0633	1	0	3	1
lmo0634	0	1	9	7
lmo0635	4	1	11	3
lmo0636	0	1	1	3
lmo0637	4	4	12	4
lmot11	216	826	83	444
lmo0638	0	0	0	0
lmo0639	4	10	20	20
lmo0640	338	260	674	448
lmo0641	262	480	961	744
lmo0642	5	1	21	4
lmo0643	11	5	47	110
lmo0644	79	194	444	296
lmo0645	11	46	63	39
lmo0646	16	39	22	21
lmo0647	45	20	28	25
lmo0648	12	9	56	5
lmo0649	9	9	33	15
lmo0650	137	158	327	149
lmo0651	52	103	144	99
lmo0652	14	74	22	25
lmo0653	434	982	722	689
lmo0654	47	16	110	13
lmo0655	16	12	43	10
lmo0656	12	31	71	61
lmo0657	18	33	47	38
lmo0658	29	48	72	61
lmo0659	2	5	9	2
lmo0660	4	3	8	7
lmo0661	0	3	3	1
lmo0662	141	342	443	291
lmo0663	68	225	234	140
lmo0664	10	13	29	16
lmo0665	6	9	25	8
lmo0666	1	8	20	11
lmo0667	58	242	147	128
lmo0668	88	281	174	158
lmo0669	120	8	691	4
lmo0670	21	1	113	0
lmo0671	12	16	40	23
lmos27	2	4	10	4
lmo0672	2	4	7	2
lmo0673	12	11	60	19
lmo0674	22	25	113	85
lmo0675	2	6	29	14
lmo0676	7	12	48	16
lmo0677	1	6	4	3
lmo0678	4	12	27	19
lmo0679	1	13	33	27
lmo0680	16	27	64	26
lmo0681	7	13	47	28
lmo0682	0	7	26	17
lmo0683	1	6	11	11
lmo0684	0	1	7	8
lmo0685	0	6	32	15
lmo0686	1	7	52	21
lmo0687	1	2	30	17
lmo0688	10	33	143	73
lmo0689	7	20	72	43
lmo0690	5534	9034	9683	10360
lmo0691	107	210	458	268
lmo0692	390	698	1553	1001
lmo0693	46	63	160	109
lmo0694	16	34	141	56
lmo0695	34	56	172	93
lmo0696	27	17	112	69
lmo0697	135	102	437	250
lmo0698	32	27	117	55
lmo0699	103	95	421	267
lmo0700	93	132	480	283
lmo0701	114	74	385	248
lmo0702	48	48	283	162
lmo0703	34	42	195	100
lmo0704	32	29	198	85
lmo0705	98	120	465	233
lmo0706	58	41	239	129
lmo0707	43	34	237	136
lmo0708	11	2	40	28
lmo0709	11	5	58	26
lmo0710	44	24	149	94
lmo0711	51	31	145	113
lmo0712	32	11	116	62
lmo0713	60	39	252	151
lmo0714	44	42	181	139
lmo0715	23	10	105	67
lmo0716	41	34	218	168
lmo0717	25	18	98	64
lmo0718	16	9	80	51
lmo0719	8	19	14	18
lmo0720	12	27	16	14
lmo0721	147	247	369	377
lmo0722	70	6	215	15
lmo0723	499	624	1560	911
lmo0724	173	307	670	507
lmo0725	24	62	36	65
lmos28	69	46	90	163
lmo0726	0	18	0	0
lmo0727	659	587	1115	1458
lmo0728	23	26	47	38
lmo0729	6	31	12	15
lmo0730	5	45	31	23
lmo0731	8	47	39	31
lmo0732	0	1	3	3
lmo0733	9	21	40	34
lmo0734	30	30	34	56
lmo0735	14	3	15	70
lmo0736	10	0	10	62
lmo0737	21	5	27	151
lmo0738	59	9	56	335
lmo0739	30	16	60	250
lmo0740	1	6	5	5
lmo0741	1	0	0	0
lmo0742	1	0	0	0
lmo0743	1	0	0	0
lmo0744	2	3	2	3
lmo0745	0	0	1	1
lmo0746	0	0	0	1
lmo0747	0	0	0	0
lmo0748	1	4	2	2
lmo0749	1	6	14	2
lmo0750	2	7	7	3
lmo0751	0	1	3	2
lmo0752	6	27	24	17
lmo0753	2	6	7	3
lmo0754	5	8	17	9
lmo0755	10	18	27	12
lmo0756	14	30	38	19
lmo0757	13	32	37	20
lmo0758	29	37	21	9
lmo0759	51	62	60	26
lmo0760	32	41	35	21
lmo0761	11	19	13	8
lmo0762	19	46	92	52
lmo0763	27	91	161	80
lmo0764	34	97	168	92
lmo0765	0	1	14	6
lmo0766	0	2	13	11
lmo0767	1	0	16	17
lmo0768	11	7	56	54
lmo0769	10	6	41	34
lmo0770	64	201	147	157
lmo0771	4	7	34	15
lmo0772	5	10	26	21
lmo0773	41	86	50	53
lmo0774	82	252	304	251
lmo0775	35	52	116	76
lmo0776	6	8	26	14
lmo0777	44	170	113	82
lmos29	0	0	0	0
lmo0778	1	0	2	2
lmo0779	48	47	64	63
lmo0780	0	0	0	0
lmo0781	117	4	195	2
lmo0782	85	9	219	11
lmo0783	55	2	104	1
lmo0784	50	0	91	2
lmo0785	23	91	134	127
lmo0786	26	43	42	34
lmo0787	13	12	66	27
lmo0788	99	214	30	25
lmo0789	14	23	67	37
lmo0790	14	23	41	19
lmo0791	26	55	76	45
lmo0792	34	61	61	47
lmo0793	8	6	15	11
lmo0794	78	4	133	2
lmo0795	2	13	19	4
lmo0796	103	39	206	50
lmo0797	24	49	43	44
lmo0798	6	29	48	45
lmos30	69	339	110	136
lmo0799	50	96	123	105
lmo0800	220	394	119	321
lmo0801	2	8	2	2
lmo0802	0	1	4	7
lmo0803	25	40	99	55
lmo0804	0	1	0	0
lmo0805	1	0	2	1
lmo0806	0	2	1	0
lmo0807	0	4	5	4
lmo0808	0	0	3	1
lmo0809	2	2	3	4
lmo0810	2	7	4	4
lmo0811	169	603	499	250
lmo0812	14	21	22	10
lmo0813	83	69	333	293
lmo0814	12	45	26	24
lmo0815	0	1	5	2
lmo0816	0	1	6	1
lmo0817	13	19	22	10
lmo0818	61	119	200	101
lmo0819	62	35	134	51
lmo0820	13	24	69	9
lmo0821	7	16	59	20
lmo0822	42	88	61	50
lmo0823	56	171	164	80
lmo0824	9	14	13	14
lmo0825	34	65	75	71
lmo0826	65	85	143	115
lmo0827	0	1	2	0
lmo0828	1	1	1	3
lmo0829	440	826	446	497
lmos31	5	7	2	6
lmo0830	112	155	261	208
lmo0831	5	13	25	9
lmo0832	0	0	0	3
lmo0833	3	1	3	2
lmo0834	0	0	0	0
lmo0835	0	1	0	0
lmo0836	10	21	30	17
lmo0837	1	4	2	1
lmo0838	1	0	4	0
lmo0839	1	4	1	1
lmo0840	8	6	13	2
lmo0841	59	187	117	78
lmo0842	27	64	110	68
lmo0843	4	3	8	6
lmo0844	6	6	18	7
lmos32	3	7	26	11
lmo0845	5	23	39	30
lmo0846	6	28	22	9
lmo0847	1	4	13	13
lmo0848	3	2	16	5
lmo0849	3	16	4	4
lmo0850	6	2	11	2
lmo0851	52	198	284	215
lmo0852	4	8	9	8
lmo0853	1	4	4	4
lmo0854	2	1	3	3
lmo0855	26	42	105	52
lmo0856	16	32	79	42
lmo0857	53	69	78	50
lmo0858	38	106	97	121
lmo0859	6	4	27	49
lmo0860	1	0	5	20
lmo0861	3	1	11	23
lmo0862	3	3	17	32
lmo0863	5	3	17	22
lmo0864	0	0	19	13
lmo0865	8	4	15	17
lmo0866	176	936	624	504
lmos33	5	17	7	7
lmo0866a	5	3	0	4
lmos34	0	2	4	3
lmo0867	6	23	31	37
lmo0868	3	3	18	5
lmo0869	10	8	29	17
lmo0870	6	1	10	7
lmo0871	23	55	86	51
lmo0872	3	3	9	3
lmo0873	0	1	8	4
lmo0874	0	0	1	0
lmo0875	0	1	2	2
lmo0876	1	1	3	3
lmo0877	1	2	1	2
lmo0878	2	0	3	7
lmo0879	1	0	4	6
lmo0880	72	0	315	0
lmo0881	5	7	5	3
lmo0882	8	6	29	9
lmo0883	13	14	36	20
lmo0884	22	116	130	101
lmo0885	6	16	41	21
lmo0886	19	64	100	68
lmo0887	89	245	346	184
lmo0888	18	70	81	52
lmo0889	56	106	223	142
lmo0890	39	75	158	95
lmo0891	58	93	145	139
lmo0892	72	173	335	260
lmo0893	58	58	220	64
lmo0894	52	67	250	64
lmo0895	99	63	449	82
lmo0896	109	63	334	106
lmo0897	4	25	23	15
lmo0898	71	207	239	171
lmo0899	10	21	36	17
lmot12	4	30	3	8
lmot13	80	505	43	286
lmo13a	1	1	0	0
lmo0900	26	32	63	24
lmo0901	1	1	7	8
lmo0902	43	106	148	103
lmot14	48	429	0	9
lmot15	2160	4933	711	2186
lmo0903	66	218	150	82
lmo0904	39	49	96	46
lmo0905	28	41	41	37
lmo0906	147	217	294	199
lmo0907	114	152	203	167
lmo0908	15	24	38	38
lmo0909	14	41	22	24
lmo0910	21	65	41	44
lmo0911	81	33	129	32
lmo0912	7	12	13	8
lmo0913	63	0	147	0
lmo0914	3	0	5	7
lmo0915	18	1	28	61
lmo0916	7	0	13	15
lmo0917	21	4	42	61
lmo0918	9	10	28	30
lmos35	10	24	13	24
lmo0919	33	78	75	67
lmo0920	2	19	10	16
lmo0921	7	18	19	20
lmo0922	83	181	181	110
lmo0923	29	63	41	47
lmo0925	56	155	99	107
lmo0926	22	62	36	66
lmo0927	463	641	1377	872
lmo0928	4	6	20	4
lmo0929	17	40	79	25
lmo0930	83	137	167	164
lmo0931	191	309	300	351
lmo0932	15	38	46	46
lmo0933	32	87	54	54
lmot16	194	792	32	144
lmo0934	35	156	150	108
lmo0935	20	89	77	61
lmo0936	58	196	180	131
lmo0937	13	1	102	2
lmo0938	12	20	48	18
lmo0939	9	13	19	5
lmo0940	22	33	124	48
lmo0941	15	27	86	54
lmo0942	20	36	109	38
lmo0943	3644	5420	5704	5631
lmo0944	125	299	233	183
lmo0945	2	17	29	13
lmo0946	4	3	8	2
lmos36	0	0	0	1
lmo0947	2	3	9	3
lmo0948	1	3	7	4
lmo0949	11	55	54	49
lmo0950	43	110	112	81
lmo0951	19	97	92	46
lmo0952	1	6	45	11
lmo0953	86	1	96	1
lmo0954	7	14	44	27
lmo0955	7	19	89	52
lmo0956	165	244	361	164
lmo0957	150	215	293	140
lmo0958	165	261	381	196
lmo0959	31	82	164	107
lmo0960	3	15	11	5
lmo0961	9	30	14	4
lmo0962	90	173	281	174
lmo0963	196	322	463	434
lmo0964	718	1305	968	886
lmo0965	30	52	62	50
lmo0966	20	49	54	56
lmo0967	43	59	168	89
lmo0968	40	85	184	104
lmo0969	47	72	121	90
lmo0970	49	67	226	107
lmo0971	125	120	240	116
lmo0972	16	24	48	15
lmo0973	87	67	117	73
lmo0974	197	169	240	138
lmo0975	21	71	98	76
lmo0976	60	153	184	115
lmo0977	83	194	215	120
lmo0978	150	343	506	341
lmo0979	2	1	7	5
lmo0980	5	1	1	4
lmo0981	16	47	44	26
lmo0982	201	341	319	225
lmo0983	56	117	120	127
lmo0984	6	4	20	3
lmo0985	3	5	12	5
lmo0986	3	13	13	11
lmo0987	2	7	16	21
lmo0988	26	107	128	99
lmo0989	18	24	13	12
lmo0990	5	32	13	12
lmos37	25	77	40	83
lmo0991	5	69	43	30
lmo0992	10	73	82	82
lmo0993	27	132	145	133
lmo0994	37	1	68	0
lmo0995	4	4	55	10
lmo0996	5	11	10	12
lmo0997	263	1433	705	1294
lmo0998	14	28	61	40
lmo0999	10	41	62	27
lmo1000	5	22	23	21
lmo1001	22	101	70	64
lmo1002	276	425	721	568
lmo1003	1205	1854	2900	2932
lmo1004	4	11	27	9
lmo1005	16	44	70	38
lmo1006	28	72	82	81
lmo1007	5	11	0	6
lmo1008	50	93	168	107
lmo1009	25	47	51	50
lmo1010	87	145	165	134
lmo1011	140	392	435	254
lmo1012	104	239	428	209
lmo1013	60	135	230	123
lmo1014	1	11	9	4
lmo1015	2	12	3	5
lmo1016	1	11	10	3
lmo1017	22	58	69	37
lmo1018	10	10	19	8
lmo1019	18	35	63	38
lmo1020	19	26	46	20
lmo1021	52	91	131	80
lmo1022	22	47	90	48
lmo1023	30	51	87	40
lmo1024	10	10	25	18
lmo1025	10	10	20	8
lmo1026	17	46	120	58
lmo1027	311	921	1206	924
lmo1028	33	71	121	77
lmo1029	41	130	132	88
lmo1030	5	5	15	15
lmo1031	0	1	6	11
lmo1032	0	0	3	1
lmo1033	0	1	5	7
lmo1034	0	5	10	6
lmo1035	3	5	17	13
lmo1036	6	21	23	22
lmo1037	0	0	5	3
lmo1038	2	6	10	10
lmo1039	8	25	34	28
lmo1040	10	25	25	16
lmo1041	4	9	39	13
lmo1042	93	25	256	230
lmo1043	36	8	119	69
lmo1044	20	2	61	25
lmo1045	6	4	52	33
lmo1046	24	6	91	63
lmo1047	72	8	240	121
lmo1048	32	9	68	63
lmo1049	50	14	136	79
lmo1050	17	52	54	33
lmo1051	190	364	283	286
lmos38	476	571	215	345
lmo1052	2326	3083	852	1400
lmo1053	2105	2784	908	1418
lmo1054	3952	4675	1985	2350
lmo1055	4757	5625	2203	3203
lmo1056	5	16	9	10
lmo1057	289	618	521	600
lmo1058	153	208	240	248
lmo1059	292	509	670	672
lmo1060	5	5	21	6
lmo1061	4	11	26	13
lmo1062	1	0	0	0
lmo1063	0	1	2	0
lmo1064	12	56	93	55
lmo1065	9	26	46	16
lmo1066	41	109	58	40
lmo1067	26	113	150	80
lmo1068	99	77	179	101
lmo1069	25	85	57	62
lmo1070	186	530	505	413
lmo1071	38	143	219	151
lmo1072	124	344	1266	486
lmo1073	4	4	29	4
lmo1074	12	16	35	17
lmo1075	8	28	54	41
lmo1076	68	125	239	128
lmo1077	19	46	126	66
lmo1078	24	59	103	81
lmo1079	14	32	129	61
lmo1080	41	81	200	114
lmo1081	36	60	186	72
lmo1082	25	68	159	77
lmo1083	35	79	204	128
lmo1084	41	72	204	106
lmo1085	23	59	110	64
lmo1086	63	117	247	161
lmo1087	146	302	428	327
lmo1088	8	17	46	22
lmo1089	2	3	19	8
lmo1090	5	16	46	22
lmo1091	10	27	51	30
lmo1092	63	79	185	99
lmo1093	58	76	126	73
lmo1094	2	2	9	4
lmo1095	12	27	18	15
lmo1096	83	255	347	236
lmo1097	0	0	0	0
lmo1097a	0	0	0	0
lmo1098	0	0	0	0
lmo1099	0	0	0	0
lmo1100	0	0	0	0
lmo1101	0	0	0	0
lmo1102	0	0	0	0
lmo1103	0	0	0	0
lmo1104	0	0	0	0
lmo1105	0	0	0	0
lmo1106	0	0	0	0
lmo1107	0	0	0	0
lmo1108	0	0	0	0
lmo1109	0	0	0	0
lmo1110	0	0	0	0
lmo1111	0	0	0	0
lmo1112	0	0	0	0
lmo1113	0	0	0	0
lmo1114	0	0	0	0
lmo1115	0	0	0	0
lmos39	1	3	1	1
lmo1116	6	14	23	21
lmo1117	8	16	9	17
lmos40	0	0	0	0
lmo1118	0	0	0	0
lmo1119	0	0	0	0
lmo1120	2	10	1	2
lmo1121	0	0	0	0
lmo1122	0	4	3	7
lmo1123	3	0	1	0
lmo1124	0	3	7	1
lmo1125	5	15	17	19
lmo1126	6	15	26	19
lmo1127	8	14	26	16
lmo1128	0	2	10	1
lmo1129	1	0	3	4
lmo1130	0	1	0	3
lmo1131	2	4	1	3
lmo1132	4	9	3	5
lmo1133	0	0	0	0
lmo1134	1	2	3	2
lmo1135	3	9	14	8
lmo1136	5	13	16	7
lmo1137	4	5	8	2
lmo1138	238	644	421	446
lmo1139	2	3	0	1
lmo1140	95	18	111	10
lmo1141	10	7	23	20
lmo1142	13	4	49	37
lmo1143	7	3	19	23
lmo1144	2	2	6	4
lmo1145	1	0	11	7
lmo1146	5	0	13	9
lmo1147	3	1	5	10
lmo1148	0	0	3	1
lmo1149	0	0	2	1
lmos41	4	3	7	1
lmo1150	8	10	40	22
lmos42	4	0	4	5
lmo1151	0	0	0	0
lmo1152	1	0	1	0
lmo1153	1	0	3	1
lmo1154	0	1	5	2
lmo1155	1	0	1	2
lmo1156	1	1	5	2
lmo1157	0	0	2	1
lmo1158	0	0	3	0
lmo1159	1	0	1	0
lmo1160	1	0	3	1
lmo1161	1	2	5	4
lmo1162	0	0	2	1
lmo1163	0	0	2	0
lmo1164	0	3	2	0
lmo1165	1	1	4	3
lmo1166	0	5	2	1
lmo1167	1	0	2	2
lmo1168	0	4	9	5
lmo1169	5	8	18	8
lmo1170	0	0	1	1
lmos43	362	909	466	567
lmo1171	3	1	1	2
lmo1172	18	8	24	16
lmo1173	31	9	41	22
lmo1174	0	0	0	1
lmo1175	0	0	1	0
lmo1176	0	0	0	1
lmo1177	1	2	0	0
lmo1178	0	1	1	0
lmo1179	0	2	1	2
lmo1180	1	1	0	1
lmo1181	0	0	0	1
lmo1182	1	0	0	1
lmo1183	0	0	1	0
lmo1184	0	1	0	0
lmo1185	0	0	1	0
lmo1186	0	0	2	1
lmo1187	0	0	2	3
lmo1188	22	35	95	82
lmo1189	21	28	39	69
lmo1190	10	5	9	6
lmo1191	1	0	5	1
lmo1192	1	1	0	1
lmo1193	1	0	2	2
lmo1194	0	0	2	1
lmo1195	1	0	3	1
lmo1196	1	0	0	0
lmo1197	2	1	1	1
lmo1198	0	0	0	2
lmo1199	1	0	2	0
lmo1200	1	0	2	0
lmo1201	0	2	1	0
lmo1202	1	0	1	0
lmo1203	0	1	0	0
lmo1204	1	0	0	1
lmo1205	0	0	0	0
lmo1206	1	2	9	3
lmo1207	0	4	2	6
lmo1208	35	46	83	47
lmo1209	37	47	81	47
lmo1210	3	6	9	5
lmo1211	1	1	2	4
lmo1212	2	1	4	0
lmo1213	2	3	10	6
lmo1214	8	4	18	4
lmo1215	18	38	59	30
lmo1216	2	4	18	11
lmo1217	48	125	131	130
lmo1218	60	131	189	111
lmo1219	57	178	247	196
lmo1220	256	577	404	403
lmos44	9	59	47	26
lmo1221	50	171	149	104
lmo1222	109	458	550	326
lmo1223	15	25	45	24
lmo1224	39	92	189	112
lmo1225	8	9	26	7
lmo1226	89	121	247	105
lmo1227	16	22	46	37
lmo1228	9	18	40	14
lmo1229	46	104	133	103
lmo1230	47	71	130	109
lmo1231	40	119	154	129
lmo1232	97	299	330	238
lmo1233	1024	2709	862	758
lmo1234	77	352	165	110
lmo1235	13	45	99	41
lmo1236	13	46	57	45
lmo1237	20	60	89	59
lmo1238	35	86	162	88
lmo1239	24	51	82	31
lmo1240	18	65	142	51
lmot17	113	445	28	37
lmo1241	33	7	87	3
lmo1242	48	57	72	38
lmo1243	28	30	26	16
lmo1244	27	32	20	30
lmo1245	3	29	10	6
lmo1246	33	100	119	86
lmo1247	7	17	30	14
lmo1248	0	2	1	3
lmo1249	0	1	2	0
lmo1250	0	5	2	2
lmo1251	1	0	12	3
lmos45	7	18	18	31
lmo1252	31	105	51	65
lmos46	96	148	87	146
lmo1253	23	36	65	76
lmo1254	1563	221	5797	4687
lmo1255	1170	170	4179	3268
lmo1256	15	3	54	25
lmo1257	25	108	23	29
lmo1258	97	118	160	148
lmo1259	31	72	213	91
lmo1260	7	39	60	30
lmo1261	29	19	141	37
lmo1262	7	6	27	16
lmo1263	0	1	1	0
lmo1264	0	0	0	0
lmo1265	0	0	2	1
lmo1266	7	7	39	7
lmo1267	116	229	618	336
lmo1268	1444	3949	2412	1689
lmo1269	29	72	104	65
lmo1270	39	108	136	87
lmo1271	22	69	114	53
lmo1272	40	89	167	90
lmo1273	24	96	137	70
lmo1274	2	8	18	3
lmo1275	84	188	329	219
lmo1276	70	153	262	140
lmo1277	50	141	323	214
lmo1278	50	74	295	150
lmo1279	129	213	742	421
lmo1280	49	101	160	199
lmo1281	33	61	75	62
lmo1282	27	48	50	48
lmo1283	151	218	265	189
lmo1284	27	66	74	102
lmo1285	190	464	259	316
lmo1286	32	138	165	87
lmo1287	82	210	288	203
lmo1288	78	139	150	105
lmo1289	0	0	0	0
lmo1290	5	8	10	5
lmo1291	145	315	541	292
lmo1292	18	54	65	42
lmo1293	2276	1195	514	176
lmo1294	33	52	169	105
lmo1295	34	17	127	30
lmo1296	2	5	16	6
lmo1297	3	12	25	7
lmo1298	9	66	79	50
lmo1299	70	425	394	207
lmo1300	12	34	56	35
lmo1301	98	248	224	354
lmo1302	85	220	214	289
lmo1303	40	58	206	158
lmo1304	13	34	76	46
lmo1305	579	1631	1159	1235
lmo1306	29	34	132	83
lmo1307	0	1	5	4
lmo1308	4	2	12	10
lmo1309	0	1	3	4
lmo1310	2	0	5	3
lmo1311	0	1	5	0
lmo1312	0	1	3	0
lmo1313	39	73	206	120
lmo1314	37	85	174	112
lmo1315	9	13	40	18
lmo1316	3	14	33	13
lmo1317	23	44	109	59
lmo1318	31	81	211	107
lmo1319	79	188	366	205
lmo1320	90	313	582	272
lmo1321	21	77	104	75
lmo1322	49	151	185	171
lmo1323	9	33	42	28
lmo1324	13	41	63	52
lmo1325	151	368	475	426
lmo1326	26	72	78	75
lmo1327	27	61	105	94
lmo1328	2	5	9	6
lmo1329	67	131	108	111
lmo1330	188	417	465	437
lmos47	2	9	20	8
lmo1331	101	227	426	217
lmo1332	130	212	205	238
lmo1333	45	116	201	173
lmo1333a	10	10	10	10
lmo1334	18	74	151	109
lmo1335	48	100	159	140
lmo1336	14	20	25	34
lmo1337	85	183	394	207
lmo1338	1	4	14	12
lmo1339	62	144	366	176
lmo1340	27	23	114	47
lmo1341	0	0	1	0
lmo1342	0	0	2	0
lmo1343	0	0	1	0
lmo1344	0	0	1	1
lmo1345	0	0	2	1
lmo1346	1	0	3	4
lmo1347	0	1	5	2
lmos48	18	3	58	42
lmo1348	42	14	302	228
lmo1349	183	44	788	872
lmo1350	247	61	1244	1240
lmo1351	14	38	80	36
lmo1352	3	11	16	7
lmo1353	8	32	40	26
lmo1354	45	199	276	196
lmo1355	51	126	128	83
lmo1356	30	78	168	64
lmo1357	126	281	594	297
lmo1358	38	86	188	98
lmo1359	29	62	208	86
lmo1360	25	42	141	79
lmo1361	41	84	196	95
lmo1362	12	29	46	22
lmo1363	24	86	97	57
lmo1364	507	837	1328	1147
lmo1365	84	323	393	252
lmo1366	72	224	278	213
lmo1367	64	118	144	75
lmo1368	223	506	519	313
lmo1369	9	22	28	15
lmo1370	60	59	127	107
lmo1371	177	134	354	210
lmo1372	133	132	309	206
lmo1373	201	155	388	262
lmo1374	259	213	450	380
lmos49	1	0	1	1
lmos50	8	25	50	52
lmo1375	37	7	119	6
lmo1376	295	620	1054	537
lmo1377	81	153	228	153
lmo1378	106	224	254	207
lmo1379	272	446	425	511
lmo1380	102	164	143	156
lmo1381	93	176	79	112
lmo1382	82	174	159	110
lmo1383	193	454	408	296
lmo1384	51	77	171	87
lmo1385	26	88	153	100
lmo1386	68	83	293	182
lmo1387	14	60	42	46
lmo1388	378	203	741	604
lmo1389	72	26	367	193
lmo1390	45	12	177	145
lmo1391	68	17	184	149
lmo1392	39	115	116	87
lmo1393	70	185	180	142
lmo1394	82	233	489	250
lmo1395	135	272	635	299
lmo1396	11	22	50	13
lmo1397	9	27	69	17
lmo1398	232	456	782	841
lmo1399	1173	2234	3381	2090
lmo1400	23	69	106	71
lmo1401	53	113	169	92
lmo1402	21	47	69	41
lmo1403	194	446	482	356
lmo1404	217	416	558	390
lmo1405	91	157	219	205
lmo1406	602	1198	122	224
lmo1407	166	384	36	41
lmo1408	14	24	45	32
lmo1409	4	7	2	5
lmo1410	4	7	13	9
lmo1411	2	16	32	12
lmo1412	4	13	20	17
lmo1413	17	59	14	13
lmo1414	196	480	376	305
lmo1415	85	184	230	122
lmo1416	17	52	47	43
lmo1417	0	0	6	1
lmo1418	3	2	9	3
lmo1419	5	4	19	14
lmo1420	7	13	41	25
lmo1421	16	1	59	10
lmo1422	3	1	42	4
lmo1423	1065	2007	2827	2056
lmo1424	1285	3441	3701	3315
lmo1425	52	30	149	45
lmo1426	61	33	192	55
lmo1427	38	41	138	26
lmo1428	57	61	253	45
lmo1429	65	242	12	12
lmos51	15	70	22	89
lmo1430	2	6	10	6
lmo1431	26	72	159	63
lmo1432	38	52	128	60
lmo1433	18	3	78	2
lmo1434	218	280	693	464
lmo1435	110	147	455	281
lmo1436	134	184	613	373
lmo1437	77	119	357	217
lmo1438	104	295	656	338
lmo1439	2583	6252	3458	4813
lmo1440	23	75	125	69
lmo1441	9	50	46	30
lmo1442	9	24	36	25
lmo1443	1	7	16	5
lmo1444	0	2	2	3
lmo1445	2	6	9	7
lmo1446	1	5	13	6
lmo1447	6	10	28	9
lmo1448	112	212	321	256
lmo1449	37	86	166	117
lmo1450	83	171	322	162
lmo1451	6	27	59	32
lmo1452	34	32	102	58
lmo1453	11	15	62	22
lmo1454	328	518	769	506
lmo1455	192	580	785	612
lmo1456	68	193	211	175
lmo1457	109	182	215	182
lmo1458	80	221	208	180
lmo1459	34	79	81	55
lmos52	295	505	478	518
lmo1460	271	531	448	505
lmo1461	19	17	49	35
lmo1462	58	64	207	121
lmo1463	24	40	75	55
lmo1464	26	35	84	49
lmo1465	39	61	128	85
lmo1466	167	296	462	354
lmo1467	110	222	284	199
lmo1468	1379	2903	2880	2980
lmo1469	460	923	980	888
lmo1470	11	57	51	37
lmo1471	15	54	61	38
lmo1472	148	738	429	461
lmo1473	889	3379	1950	2035
lmo1474	201	846	390	491
lmo1475	399	1747	941	1005
lmo1476	25	52	81	43
lmo1477	1	2	1	3
lmo1478	0	1	0	0
lmo1479	21	100	204	107
lmo1480	59	265	334	194
lmo1481	44	50	126	54
lmo1482	3	12	37	21
lmo1483	7	43	50	28
lmo1484	2	2	4	5
lmo1485	2	5	9	2
lmo1486	20	48	55	49
lmo1487	45	96	151	86
lmo1488	10	65	77	36
lmo1489	6	12	23	14
lmo1490	17	55	77	57
lmo1491	18	75	157	100
lmo1492	13	34	76	41
lmo1493	127	215	410	313
lmo1494	36	67	171	93
lmo1495	85	147	283	138
lmo1496	22	56	130	70
lmo1497	0	2	8	7
lmo1498	1	1	3	8
lmo1499	13	39	76	37
lmo1500	10	22	26	16
lmo1501	228	407	425	428
lmo1502	380	803	781	688
lmo1503	262	573	471	450
lmo1504	97	379	396	242
lmo1505	2	1	2	2
lmo1506	1	3	8	0
lmo1507	7	16	19	28
lmo1508	22	48	64	35
lmo1509	234	479	770	582
lmo1510	50	79	137	99
lmo1511	43	93	117	87
lmo1512	85	238	174	149
lmo1513	68	199	151	114
lmos53	10868	10281	4519	11101
lmo1514	73	162	197	178
lmo1515	15	32	69	41
lmo1516	0	10	6	4
lmo1517	0	6	3	1
lmo1518	8	19	13	18
lmo1519	117	601	523	266
lmo1520	68	324	351	145
lmos54	138	559	157	106
lmo1521	211	249	844	542
lmo1522	107	339	335	327
lmo1523	414	1237	1108	1011
lmo1524	17	70	94	82
lmo1525	55	222	231	253
lmo1526	21	3	54	6
lmo1527	138	338	781	393
lmo1528	14	32	92	42
lmo1529	25	105	259	177
lmo1530	90	183	427	233
lmo1531	74	154	298	128
lmo1532	77	115	245	123
lmo1533	55	96	200	129
lmo1534	71	154	235	145
lmo1535	120	205	324	213
lmo1536	17	86	135	86
lmo1537	50	241	335	256
lmo1538	2118	416	1384	825
lmo1539	1363	283	918	900
lmo1540	247	836	963	576
lmo1541	267	862	1142	572
lmo1542	197	724	921	447
lmos55	71	197	243	122
lmo1543	21	93	156	51
lmo1544	14	29	73	37
lmo1545	11	16	58	33
lmo1546	2	16	26	14
lmo1547	37	76	213	124
lmo1548	52	115	307	153
lmo1549	0	1	2	2
lmo1550	0	1	1	0
lmos56	0	0	0	0
lmo1551	4	9	28	15
lmo1552	171	409	301	330
lmos57	126	235	62	71
lmo1553	64	89	142	79
lmo1554	20	36	63	27
lmo1555	9	10	19	14
lmo1556	22	23	25	29
lmo1557	37	61	89	50
lmo1558	20	40	66	41
lmo1559	163	358	312	297
lmos58	256	607	188	135
lmo1560	39	72	185	79
lmo1561	56	77	276	121
lmo1562	22	35	103	49
lmo1563	33	50	101	72
lmo1564	51	92	151	120
lmo1565	219	339	481	394
lmo1566	174	209	360	314
lmo1567	88	114	194	169
lmo1568	4	5	26	17
lmo1569	21	56	31	31
lmo1570	527	979	949	862
lmo1571	133	309	597	328
lmo1572	33	75	111	94
lmo1573	20	60	80	79
lmo1574	72	215	572	408
lmo1575	152	264	738	577
lmo1576	183	352	842	661
lmo1577	91	130	271	295
lmo1578	417	604	382	392
lmo1579	573	743	885	846
lmo1580	321	192	491	299
lmo1581	128	285	481	386
lmo1582	108	256	487	405
lmo1583	256	586	485	500
lmo1584	5	19	29	13
lmo1585	18	28	66	26
lmo1586	70	110	149	131
lmo1587	0	2	6	1
lmo1588	1	0	0	0
lmo1589	1	0	2	0
lmo1590	0	1	0	1
lmo1591	0	0	0	0
lmo1592	26	85	117	111
lmo1593	17	49	103	113
lmo1594	125	185	419	269
lmo1595	8	33	36	27
lmo1596	241	751	623	560
lmo1596a	1	4	9	4
lmo1597	37	31	57	26
lmo1598	17	58	87	58
lmos59	108	392	273	231
lmo1599	204	556	616	599
lmo1600	95	292	238	190
lmo1601	261	134	919	256
lmo1602	250	91	750	142
lmo1603	7	13	37	28
lmo1604	83	114	113	101
lmo1605	225	187	671	209
lmo1606	195	47	554	83
lmo1607	164	425	327	325
lmo1608	371	832	639	561
lmo1609	104	242	157	181
lmo1610	24	70	84	65
lmo1611	175	381	388	413
lmo1612	212	173	377	257
lmo1613	9	48	48	31
lmo1614	7	21	24	12
lmo1615	36	89	180	86
lmo1616	39	118	309	125
lmo1617	0	5	11	9
lmo1618	3	6	5	2
lmo1619	17	59	99	54
lmo1620	337	604	885	712
lmo1621	34	48	81	68
lmo1622	23	42	85	34
lmo1623	3	17	24	17
lmo1624	8	27	45	43
lmo1625	19	213	108	71
lmo1626	5	45	15	13
lmo1627	10	155	28	17
lmo1628	15	418	53	31
lmo1629	13	236	40	14
lmo1630	11	233	36	8
lmo1631	18	431	54	37
lmo1632	13	212	29	13
lmo1633	19	365	39	26
lmos60	9	107	31	17
lmos61	2201	3914	836	1007
lmo1634	3	2	6	12
lmo1635	7	18	36	12
lmo1636	12	23	124	45
lmo1637	19	31	133	80
lmo1638	13	20	77	77
lmo1639	3	9	28	28
lmo1640	5	6	16	12
lmo1641	107	270	386	323
lmo1642	31	69	142	122
lmo1643	27	45	102	53
lmo1644	84	184	448	303
lmo1645	22	21	66	37
lmo1646	8	12	37	14
lmo1647	27	43	67	34
lmo1648	0	0	0	0
lmo1649	65	162	371	190
lmo1650	15	57	78	42
lmo1651	10	37	119	45
lmo1652	10	38	107	70
lmos62	1	7	19	6
lmo1653	0	0	0	2
lmo1654	0	1	2	1
lmo1655	0	0	0	0
lmo1656	0	0	1	0
lmo1657	304	917	823	631
lmo1658	322	965	721	523
lmo1659	0	0	0	0
lmo1660	127	365	378	269
lmos63	19	71	101	70
lmo1661	9	23	32	14
lmo1662	6	9	10	5
lmo1663	28	116	192	89
lmo1664	27	59	177	77
lmos64	48	102	37	156
lmo1665	9	26	18	21
lmo1666	91	43	327	103
lmo1667	14	20	38	21
lmo1668	4	5	8	10
lmo1669	2	3	10	2
lmo1670	13	29	36	24
lmo1671	0	0	0	0
lmo1672	72	141	233	127
lmo1673	136	193	353	250
lmo1674	99	183	324	232
lmo1675	264	515	718	530
lmo1676	225	487	527	513
lmo1677	24	32	103	60
lmo1678	73	326	536	339
lmo1679	46	131	264	146
lmo1680	39	100	221	108
lmo1681	33	83	237	93
lmos65	140	599	152	109
lmo1682	2	0	6	4
lmot18	49	397	0	11
lmot19	164	1049	31	235
lmot20	2	23	2	5
lmot21	22	139	1	2
lmot22	204	801	33	149
lmot23	14	101	3	4
lmot24	5	75	3	6
lmot25	2326	5262	757	2342
lmot26	392	1055	53	175
lmot27	201	1646	62	541
lmot28	0	2	2	0
lmot29	1855	5814	301	958
lmot30	797	2995	32	130
lmot31	1	3	2	1
lmot32	595	2005	29	82
lmot33	94	619	14	166
lmot34	1893	5115	977	1108
lmot35	51	648	22	109
lmot36	48	132	9	31
lmot37	51	279	14	27
lmot38	2254	5105	1293	3603
lmor07	8857	21252	15223	29377
lmor08	258184	304627	378199	426550
lmor09	52979	69991	73950	95910
lmo1683	242	640	432	456
lmo1684	136	517	221	279
lmo1685	10	12	36	26
lmo1686	54	140	208	149
lmo1687	534	775	1039	900
lmo1688	9	19	42	25
lmo1689	1	10	25	12
lmo1690	83	166	260	288
lmo1691	23	59	58	52
lmo1692	4	23	25	12
lmo1693	7	38	37	25
lmo1694	103	3	220	0
lmo1695	90	184	567	386
lmo1696	10	10	61	33
lmo1697	18	33	75	43
lmo1698	65	55	270	42
lmo1699	60	138	145	100
lmo1700	9	32	28	20
lmo1701	15	20	40	32
lmo1702	20	19	32	41
lmo1703	98	149	332	200
lmo1704	24	46	83	63
lmo1705	9	35	35	10
lmo1706	20	59	74	47
lmo1707	2	8	14	7
lmo1708	8	39	48	32
lmo1709	129	446	397	416
lmo1710	40	175	154	96
lmo1711	66	274	262	236
lmo1712	26	175	149	126
lmo1713	14	41	116	48
lmot39	15	49	3	24
lmo1714	0	0	0	0
lmo1715	0	1	1	1
lmo1716	1	1	2	1
lmo1717	0	0	0	0
lmo1718	35	74	108	87
lmo1719	3	26	52	25
lmo1720	8	18	28	16
lmo1721	224	429	570	398
lmo1722	61	70	270	171
lmo1723	8	11	38	25
lmo1724	7	11	47	24
lmo1725	7	9	43	20
lmo1726	199	307	434	347
lmo1727	21	21	50	71
lmo1728	16	9	150	126
lmo1729	8	4	71	68
lmo1730	35	10	78	224
lmo1731	7	1	20	47
lmo1732	8	5	28	72
lmo1733	7	19	22	32
lmo1734	16	70	50	55
lmo1735	3	15	9	12
lmo1736	51	221	210	187
lmo1737	164	552	584	457
lmo1738	50	202	205	154
lmo1739	21	109	80	68
lmo1740	21	94	50	43
lmos66	440	1157	270	308
lmo1741	29	82	201	87
lmo1742	29	98	194	106
lmo1743	6	13	62	18
lmo1744	8	19	47	29
lmo1745	52	101	188	109
lmo1746	35	73	148	95
lmo1747	13	58	75	31
lmo1748	9	32	46	51
lmo1749	6	15	39	15
lmo1750	42	98	63	67
lmo1751	67	244	295	185
lmo1752	14	58	79	49
lmo1753	55	184	211	129
lmo1754	91	174	449	261
lmo1755	44	76	210	140
lmo1756	8	22	78	41
lmo1757	45	115	238	154
lmo1758	141	237	508	311
lmo1759	80	162	333	187
lmo1760	23	61	82	63
lmo1761	7	4	50	16
lmo1762	10	37	28	39
lmo1763	27	90	123	65
lmo1764	10	13	40	23
lmo1765	11	10	39	18
lmo1766	3	7	28	10
lmo1767	7	11	44	17
lmo1768	11	25	76	29
lmo1769	18	35	70	37
lmo1770	3	1	17	8
lmo1771	3	2	6	4
lmo1772	11	11	29	9
lmo1773	56	126	179	179
lmo1774	83	134	237	177
lmo1775	5	12	21	24
lmo1776	14	87	109	62
lmor10	8855	21250	15223	29371
lmor11	258184	304627	378199	426550
lmor12	49471	65360	68336	89707
lmo1777	3	9	18	9
lmo1778	11	24	23	15
lmo1779	6	15	10	9
lmo1780	144	377	443	291
lmo1781	1	4	16	12
lmo1782	34	116	88	77
lmo1783	28	107	180	166
lmo1784	22	73	116	81
lmo1785	54	225	256	250
lmos67	46	110	45	50
lmo1786	5	9	10	14
lmos68	0	0	1	0
lmo1787	134	255	395	277
lmos69	14	25	52	41
lmo1788	11	13	23	14
lmo1789	14	8	17	17
lmo1790	23	17	44	26
lmo1791	139	152	275	219
lmo1792	155	286	434	358
lmo1793	85	136	236	173
lmo1794	52	78	167	122
lmo1795	54	92	85	76
lmo1796	58	197	193	123
lmo1797	58	171	190	97
lmo1798	6	9	17	14
lmo1799	19	44	25	28
lmo1800	0	1	1	0
lmo1801	90	175	312	162
lmo1802	15	15	27	14
lmo1803	42	88	168	79
lmo1804	89	209	389	180
lmo1805	5	24	35	17
lmo1806	39	64	316	100
lmo1807	33	45	235	61
lmo1808	16	55	223	52
lmo1809	22	42	153	50
lmo1810	13	16	64	28
lmo1811	62	91	220	128
lmo1812	28	65	166	82
lmo1813	60	46	221	95
lmo1814	110	130	429	207
lmo1815	16	32	71	42
lmo1816	51	198	278	114
lmo1817	10	22	46	23
lmo1818	68	86	217	163
lmo1819	73	100	227	170
lmo1820	199	352	647	445
lmo1821	54	94	199	96
lmo1822	109	169	270	237
lmo1823	86	121	184	141
lmo1824	212	413	422	404
lmo1825	165	281	189	222
lmo1826	10	24	22	32
lmo1827	31	63	154	113
lmo1828	22	54	157	101
lmo1829	38	113	146	68
lmo1830	42	3	68	2
lmo1831	2	1	5	2
lmo1832	0	1	12	2
lmo1833	1	0	7	5
lmo1834	2	4	17	2
lmo1835	4	6	46	10
lmo1836	2	1	14	5
lmo1837	3	0	13	5
lmo1838	1	0	4	0
lmo1839	0	3	6	1
lmos70	0	1	3	2
lmo1840	4	13	31	24
lmos71	1	1	6	4
lmo1841	1	6	2	9
lmo1842	0	0	0	2
lmo1843	5	34	49	24
lmo1844	3	7	15	5
lmo1845	28	90	107	75
lmo1846	17	85	62	70
lmo1847	2842	7051	11609	8057
lmo1848	1293	4319	5632	4732
lmo1849	1712	5249	6727	4830
lmo1850	10	21	46	34
lmo1851	46	99	163	116
lmo1852	35	59	56	64
lmo1853	150	426	320	337
lmo1854	20	51	14	26
lmo1855	57	81	270	131
lmo1856	34	59	169	80
lmo1857	14	12	58	21
lmo1858	25	39	107	33
lmo1859	221	399	359	330
lmo1860	228	370	374	245
lmo1861	16	51	49	52
lmo1862	41	104	88	95
lmo1863	51	120	152	169
lmo1864	15	36	60	27
lmo1865	14	15	21	10
lmo1866	23	11	31	13
lmo1867	120	32	182	115
lmo1868	3	5	12	4
lmo1869	6	10	16	8
lmo1870	12	34	42	24
lmo1871	14	23	45	27
lmo1872	1	8	4	3
lmo1873	29	66	98	62
lmo1874	39	89	168	83
lmo1875	55	131	194	149
lmo1877	184	223	531	343
lmo1878	50	71	146	87
lmo1879	36	5	388	158
lmo1880	14	39	56	29
lmo1881	74	265	172	123
lmo1882	9	28	12	10
lmo1883	56	0	134	1
lmo1884	7	24	66	27
lmo1885	1	6	22	11
lmos72	14	50	19	30
lmo1886	89	131	272	154
lmo1887	69	137	227	138
lmos73	3205	5544	4076	6504
lmo1888	232	394	416	388
lmo1889	22	90	62	42
lmo1890	16	36	18	15
lmo1891	34	112	142	122
lmo1892	126	254	599	445
lmo1893	54	85	73	77
lmo1894	71	97	113	101
lmo1895	45	87	79	97
lmo1896	192	406	572	437
lmo1897	132	240	467	245
lmo1898	36	108	151	94
lmo1899	75	122	226	139
lmo1900	48	80	212	127
lmo1901	183	270	591	324
lmo1902	132	206	600	314
lmo1903	4	8	9	8
lmo1904	79	216	238	153
lmo1905	90	168	249	158
lmo1906	31	84	116	53
lmo1907	61	133	189	113
lmo1908	17	68	57	52
lmo1909	8	15	26	17
lmo1910	8	34	20	18
lmo1911	0	1	7	4
lmo1912	4	4	23	9
lmo1913	1	3	15	5
lmo1914	4	8	43	13
lmo1915	27	47	76	46
lmo1916	18	15	54	23
lmo1917	191	465	46	67
lmo1918	22	38	58	45
lmo1919	140	334	236	233
lmo1920	3	13	22	10
lmo1921	169	498	398	392
lmo1922	43	94	149	84
lmo1923	64	262	370	203
lmo1924	43	156	220	118
lmo1925	10	47	78	35
lmo1926	3	42	65	43
lmo1927	35	141	188	107
lmo1928	45	298	322	181
lmo1929	16	9	66	17
lmo1930	8	15	59	16
lmo1931	14	15	63	12
lmo1932	18	36	86	34
lmo1933	12	13	38	7
lmo1934	397	722	2118	1176
lmo1935	16	24	53	22
lmo1936	20	122	113	95
lmo1937	36	129	185	123
lmo1938	186	503	634	523
lmo1939	47	56	106	64
lmo1940	27	60	118	59
lmo1941	66	107	367	239
lmo1942	20	58	40	27
lmo1943	10	35	21	15
lmo1944	9	44	20	19
lmo1945	300	1096	50	30
lmos74	89	445	58	145
lmo1946	17	36	40	18
lmo1947	39	80	135	69
lmo1948	232	468	663	369
lmo1949	17	22	64	40
lmo1950	9	24	52	17
lmo1951	9	19	69	20
lmo1952	10	14	70	28
lmo1953	153	141	367	350
lmo1954	110	96	209	244
lmo1955	121	97	225	199
lmo1956	523	1510	1374	987
lmo1957	0	5	8	4
lmo1958	2	12	4	4
lmo1959	2	0	2	4
lmo1960	11	44	14	16
lmo1961	27	85	46	37
lmo1962	18	59	41	54
lmo1963	21	67	29	73
lmo1964	27	77	47	48
lmos75	40	77	46	126
lmo1965	8	8	17	11
lmo1966	26	38	98	61
lmo1967	89	152	325	177
lmo1968	6	4	23	18
lmo1969	0	2	8	8
lmo1970	3	0	29	23
lmo1971	7	3	14	27
lmo1972	5	0	8	7
lmo1973	2	3	11	11
lmo1974	12	37	37	41
lmo1975	55	230	281	334
lmo1976	5	18	48	22
lmo1977	8	12	21	9
lmo1978	136	367	338	254
lmo1979	15	33	68	37
lmo1980	7	16	19	12
lmo1981	14	22	38	19
lmo1982	6	12	16	10
lmos76	0	1	2	0
lmo1983	2	8	14	3
lmo1984	2	2	16	11
lmo1985	0	2	3	0
lmo1986	0	3	5	5
lmo1987	2	3	8	6
lmo1988	2	1	6	5
lmo1989	0	6	14	8
lmo1990	0	3	8	3
lmo1991	3	8	17	17
lmo1992	272	1763	98	160
lmo1993	224	98	477	290
lmo1994	78	78	108	97
lmo1995	99	107	127	105
lmo1996	5	23	17	15
lmo1997	21	1	5	8
lmo1998	52	3	20	11
lmo1999	47	4	9	6
lmo2000	21	1	5	8
lmo2001	25	3	7	8
lmo2002	19	1	9	3
lmo2003	12	1	6	2
lmo2004	13	1	7	5
lmo2005	6	64	15	15
lmo2006	166	3162	122	150
lmo2007	6	4	23	13
lmo2008	3	4	5	2
lmo2009	2	1	3	3
lmo2010	6	7	16	10
lmo2011	5	16	18	9
lmo2012	0	3	1	1
lmo2013	11	23	24	22
lmo2014	12	35	32	31
lmo2015	4	9	13	7
lmo2016	1141	1309	1619	1587
lmo2017	30	91	147	79
lmo2018	52	161	248	110
lmo2019	82	156	232	166
lmos77	38	64	178	99
lmo2020	117	134	309	212
lmo2021	5	6	14	10
lmo2022	5	6	26	8
lmo2023	1	0	0	0
lmo2024	0	0	0	0
lmo2025	0	0	1	1
lmos78	0	0	0	0
lmo2026	5	9	6	11
lmo2027	4	6	8	9
lmo2028	21	77	79	54
lmo2029	37	97	180	109
lmo2030	114	257	538	263
lmo2031	111	259	501	248
lmo2032	229	457	1117	560
lmo2033	123	256	727	323
lmo2034	18	36	113	55
lmo2035	36	82	218	117
lmo2036	95	158	435	253
lmo2037	66	153	359	209
lmo2038	67	140	393	163
lmo2039	132	239	936	383
lmo2040	39	45	193	66
lmo2041	89	116	421	190
lmo2042	49	93	204	119
lmo2043	7	6	8	3
lmo2044	10	8	33	21
lmo2045	0	5	6	8
lmo2046	18	39	66	56
lmo2047	116	327	365	301
lmo2048	73	265	297	208
lmo2049	10	34	45	26
lmo2050	3	11	33	20
lmo2051	7	14	36	28
lmo2052	4	11	33	10
lmo2053	6	16	33	11
lmo2054	190	356	361	317
lmo2055	214	582	381	381
lmo2056	17	91	106	57
lmo2057	167	565	332	491
lmo2058	46	72	126	78
lmo2059	6	31	31	16
lmo2060	17	62	124	73
lmo2061	15	76	116	48
lmo2062	24	62	100	60
lmo2063	3	2	3	0
lmo2064	93	363	248	276
lmo2065	7	23	33	42
lmo2066	2	3	3	17
lmo2067	56	5	74	1
lmo2068	1522	5292	3971	5510
lmo2069	237	851	663	951
lmo2070	3	22	26	22
lmo2071	0	11	5	4
lmo2072	86	234	264	160
lmo2073	32	70	142	83
lmo2074	9	29	69	46
lmos79	2	0	2	6
lmos80	0	8	0	5
lmo2075	68	116	185	125
lmo2076	32	70	85	51
lmo2077	46	96	133	82
lmo2078	24	59	80	57
lmo2079	6	7	27	11
lmo2080	10	34	63	37
lmo2081	8	10	9	8
lmo2082	6	20	28	25
lmo2083	21	23	107	66
lmo2084	13	17	62	51
lmot40	24	282	8	58
lmo2085	190	3	322	4
lmo2086	2	5	13	8
lmo2087	0	3	13	8
lmo2088	3	4	11	4
lmo2089	478	957	974	842
lmo2090	4	5	4	2
lmo2091	0	4	6	1
lmo2092	18	15	63	29
lmo2093	0	0	1	2
lmo2094	0	2	5	3
lmo2095	323	493	266	511
lmo2096	4	2	25	3
lmo2097	0	0	12	2
lmo2098	1	0	3	4
lmo2099	5	2	25	8
lmo2100	8	19	27	14
lmo2101	782	784	542	1067
lmo2102	188	173	170	293
lmo2103	253	567	269	189
lmo2104	8	16	4	1
lmo2105	59	123	31	40
lmo2104a	8	14	5	1
lmo2106	10	14	41	24
lmo2107	10	25	16	25
lmo2108	14	46	45	42
lmo2109	5	17	22	28
lmo2110	112	158	173	149
lmo2111	19	38	61	22
lmo2112	8	17	31	19
lmo2113	129	204	152	104
lmo2114	16	35	205	75
lmo2115	32	52	316	147
lmo2116	3	6	20	4
lmo2117	2	3	9	6
lmo2118	144	286	444	366
lmo2119	522	1130	1221	1164
lmo2120	214	500	480	492
lmo2121	5	7	42	31
lmo2122	1	1	12	11
lmo2123	4	1	6	5
lmo2124	1	1	10	18
lmo2125	11	0	28	31
lmo2126	3	1	14	3
lmo2127	7	39	35	19
lmo2128	8	19	44	29
lmo2129	22	31	72	69
lmo2130	22	11	73	24
lmot41	48	430	0	11
lmot42	17	73	23	27
lmot43	709	3025	69	338
lmot44	38	183	10	50
lmot45	45	123	9	26
lmo2131	0	0	1	0
lmo2132	15	3	25	2
lmo2133	2	3	4	4
lmo2134	0	0	2	1
lmo2135	0	0	5	4
lmo2136	0	0	0	1
lmo2137	0	0	2	0
lmo2138	0	0	4	6
lmo2139	21	20	61	35
lmo2140	37	29	97	92
lmo2141	13	14	59	26
lmos81	8169	29	4336	153
lmo2142	14	32	90	44
lmo2143	11	16	27	31
lmo2144	20	51	68	42
lmo2145	10	21	17	14
lmo2146	8	14	12	5
lmo2147	7	34	15	25
lmo2148	31	89	98	59
lmo2149	3	4	9	6
lmo2150	5	18	10	24
lmo2151	9	7	5	1
lmo2152	206	169	269	172
lmo2153	389	344	436	266
lmo2154	667	559	941	603
lmo2155	948	975	1161	939
lmo2156	33	72	219	110
lmo2157	163	13	460	6
lmo2158	326	1	948	79
lmo2159	8	8	297	229
lmo2160	4	2	246	187
lmo2161	4	2	236	172
lmo2162	7	1	167	162
lmo2163	5	1	213	166
lmo2164	8	6	18	13
lmo2165	11	19	51	30
lmo2166	15	36	51	29
lmo2167	34	75	138	57
lmo2168	143	175	289	198
lmo2169	27	38	69	46
lmo2170	1	2	1	0
lmo2171	0	1	0	0
lmo2172	0	0	0	1
lmo2173	8	11	22	4
lmo2174	7	1	17	4
lmo2175	81	17	124	195
lmo2176	18	21	41	24
lmo2177	16	32	67	66
lmo2178	5	9	25	6
lmo2179	1	2	2	3
lmo2180	0	2	1	0
lmo2181	0	11	1	9
lmo2182	1	7	0	7
lmo2183	2	12	3	9
lmo2184	0	12	1	5
lmo2185	17	36	8	23
lmo2186	5	11	1	9
lmo2187	0	4	1	0
lmos82	0	1	0	1
lmo2188	304	697	580	424
lmo2189	40	47	63	36
lmo2190	552	1091	538	494
lmo2191	332	343	361	197
lmo2192	143	692	628	539
lmo2193	195	838	966	657
lmo2194	104	531	506	414
lmo2195	90	489	361	314
lmo2196	884	2375	3869	2063
lmo2197	0	0	5	2
lmos83	93	170	153	193
lmo2198	34	246	76	52
lmo2199	295	971	343	648
lmo2200	189	617	227	400
lmo2201	78	298	441	275
lmo2202	39	116	150	74
lmo2203	4	14	8	12
lmo2204	90	167	243	173
lmo2205	272	192	375	172
lmo2206	284	521	554	543
lmo2207	26	40	86	91
lmo2208	17	51	91	42
lmo2209	11	39	63	25
lmo2210	1	1	11	9
lmo2211	57	110	60	50
lmo2212	27	60	49	39
lmo2213	45	0	81	0
lmo2214	30	115	110	111
lmo2215	27	76	91	77
lmo2216	40	54	85	71
lmo2217	59	90	125	109
lmo2218	0	5	2	9
lmo2219	84	235	203	160
lmo2220	154	277	350	414
lmo2221	62	129	259	285
lmo2222	32	54	123	129
lmo2223	58	94	172	78
lmo2224	3	15	25	15
lmo2225	71	154	199	176
lmo2226	6	11	18	18
lmo2227	5	13	13	9
lmo2228	0	0	0	0
lmo2229	48	63	202	88
lmo2230	179	0	379	0
lmo2231	7	1	21	0
lmo2232	144	483	356	261
lmo2233	3	23	41	20
lmo2234	0	0	0	1
lmo2235	1	4	0	2
lmo2236	0	0	0	0
lmo2237	0	0	0	0
lmo2238	0	0	2	0
lmo2239	22	21	76	58
lmo2240	34	34	82	46
lmo2241	18	16	39	24
lmo2242	9	30	17	21
lmo2243	7	14	15	17
lmo2244	10	37	36	21
lmo2245	14	18	22	14
lmo2246	36	54	84	32
lmo2247	39	63	66	37
lmo2248	11	24	56	37
lmo2249	72	83	105	87
lmo2250	8	26	26	9
lmo2251	4	25	15	10
lmo2252	8	21	10	15
lmo2253	42	54	97	70
lmo2254	10	19	17	14
lmo2255	54	93	69	71
lmo2256	431	843	532	710
lmos84	5690	7066	5813	10441
lmo2257	0	0	0	0
lmo2258	19	57	49	35
lmo2259	10	19	29	19
lmo2260	16	41	44	33
lmo2261	255	479	134	171
lmo2262	18	24	50	19
lmo2263	121	252	209	234
lmo2264	24	64	132	104
lmo2265	10	18	42	27
lmo2266	35	63	112	99
lmo2267	139	227	478	430
lmo2268	118	224	393	329
lmo2269	11	2	21	1
lmo2270	0	0	2	1
lmo2271	1	2	3	7
lmos85	0	0	0	0
lmo2272	0	0	0	0
lmo2273	0	0	0	0
lmo2274	0	0	0	0
lmo2275	0	0	0	0
lmo2276	0	0	0	0
lmo2277	0	0	0	0
lmos86	0	0	0	0
lmo2278	0	2	5	5
lmo2279	0	0	1	1
lmo2280	0	0	0	0
lmo2281	0	0	0	0
lmo2282	0	0	0	0
lmo2283	0	1	3	0
lmo2284	0	0	3	0
lmo2285	0	2	1	0
lmo2286	0	1	0	0
lmo2287	2	3	3	3
lmo2288	1	1	0	0
lmo2289	0	0	0	0
lmo2290	0	0	0	0
lmo2291	0	0	0	0
lmo2292	0	1	0	0
lmo2293	0	0	1	0
lmo2294	0	0	0	0
lmo2295	0	0	1	0
lmo2296	1	2	1	0
lmo2297	0	0	0	0
lmo2298	0	0	0	1
lmo2299	0	0	1	0
lmo2300	0	0	1	3
lmo2301	0	0	0	0
lmo2302	0	0	0	0
lmos87	1	1	1	0
lmo2303	1	0	2	0
lmo2304	0	0	0	0
lmo2305	0	0	0	1
lmo2306	1	0	0	0
lmo2307	0	0	0	0
lmo2308	1	3	2	4
lmo2309	1	1	0	1
lmo2310	0	0	0	0
lmo2311	0	0	0	0
lmo2312	0	0	0	0
lmo2313	0	0	0	0
lmo2314	0	0	0	0
lmo2315	0	0	0	0
lmo2316	0	0	0	0
lmo2317	1	0	0	0
lmo2318	0	0	0	0
lmo2319	0	0	0	0
lmo2320	0	0	0	0
lmo2321	1	0	1	0
lmo2322	0	0	0	0
lmo2323	0	0	0	0
lmo2324	0	2	0	1
lmo2325	0	0	4	0
lmo2325a	0	3	0	0
lmo2326	0	1	0	1
lmo2327	1	0	1	0
lmo2328	0	0	0	0
lmo2329	1	0	3	2
lmo2329a	5	4	7	3
lmo2330	0	0	0	0
lmo2331	0	0	0	0
lmo2332	15	27	61	44
lmo02333	4	11	15	5
lmo2334	19	19	50	30
lmo2335	115	128	181	361
lmo2336	34	41	57	84
lmo2337	22	24	37	52
lmo2338	42	70	72	105
lmo2339	25	46	49	57
lmo2340	64	30	104	107
lmo2341	45	20	81	77
lmo2342	2	3	9	6
lmo2343	7	3	28	10
lmo2344	1	3	2	1
lmo2345	3	4	13	5
lmo2346	4	3	11	2
lmo2347	1	1	7	1
lmo2348	0	0	4	1
lmo2349	1	1	15	3
lmo2350	0	5	7	3
lmo2351	0	2	7	3
lmo2352	44	217	221	114
lmo2353	30	77	125	87
lmo2354	18	72	107	79
lmo2355	12	35	49	35
lmo2356	0	1	0	0
lmo2357	9	28	36	37
lmo2358	52	61	89	59
lmo2359	28	36	52	46
lmo2360	59	244	259	234
lmo2361	11	31	54	32
lmo2362	1409	1464	5047	6727
lmo2363	1781	1662	6727	8502
lmo2364	18	26	25	34
lmo2365	56	83	74	62
lmot46	329	1556	175	711
lmot47	6	110	3	9
lmot48	1273	3317	764	796
lmot49	411	1729	46	566
lmot50	12	67	2	13
lmot51	530	1928	115	441
lmot52	752	3056	66	340
lmot53	5	79	4	6
lmot54	2326	5262	758	2343
lmot55	392	1056	54	176
lmot56	2301	5582	1353	3715
lmot57	49	396	1	9
lmot58	215	1478	75	1587
lmot59	4	33	3	9
lmor13	8847	21210	15205	29337
lmor14	252097	292555	367738	415849
lmot60	801	3016	33	135
lmot61	22	145	1	3
lmor15	52789	69625	73240	95088
lmo2366	45	107	72	69
lmo2367	185	431	770	381
lmo2368	21	52	76	36
lmo2369	76	202	167	96
lmo2370	95	131	162	151
lmo2371	46	61	81	46
lmo2372	92	154	84	103
lmo2373	370	646	418	515
lmo2374	8	50	62	40
lmo2375	0	4	2	2
lmo2376	57	180	102	100
lmo2377	30	73	69	52
lmo2378	50	110	146	131
lmo2379	13	27	31	30
lmo2380	11	22	32	33
lmo2381	42	84	125	126
lmo2382	19	40	54	35
lmo2383	6	10	12	20
lmo2384	27	59	88	65
lmo2385	37	80	70	57
lmo2386	47	85	109	38
lmo2387	25	0	31	2
lmo2388	26	72	52	26
lmo2389	273	669	431	197
lmo2390	159	401	356	198
lmo2391	134	34	148	14
lmo2392	162	300	202	236
lmo2393	211	398	291	291
lmo2394	4	23	12	45
lmo2395	0	0	0	0
lmo2396	1	0	2	0
lmo2397	118	275	154	182
lmo2398	76	68	163	40
lmo2399	23	33	62	18
lmo2400	3	12	35	16
lmo2401	129	258	265	186
lmo2402	37	72	74	50
lmo2403	164	372	307	235
lmo2404	25	114	87	59
lmo2405	12	38	23	19
lmo2406	228	342	178	215
lmo2407	26	61	28	28
lmo2408	0	0	3	4
lmo2409	0	1	1	0
lmo2410	2	20	13	5
lmo2411	1492	3556	2541	2438
lmo2412	610	1311	1100	846
lmo2413	1696	4042	3021	2588
lmo2414	1513	3548	2557	2396
lmo2415	1015	2243	1861	1438
lmo2416	13	14	28	15
lmo2417	63	133	134	103
lmo2418	41	106	104	70
lmo2419	45	114	121	86
lmos88	30	65	42	34
lmo2420	3	7	7	3
lmo2421	34	105	98	53
lmo2422	27	41	37	35
lmo2423	1	4	5	5
lmo2424	10	34	32	40
lmo2425	346	738	664	535
lmo2426	256	542	326	272
lmo2427	12	39	104	40
lmo2428	3	10	23	17
lmo2429	5	9	10	6
lmo2430	4	6	11	10
lmo2431	10	35	29	36
lmo2432	111	234	195	180
lmo2433	111	271	157	115
lmo2434	88	1	106	4
lmo2435	0	0	0	0
lmo2436	6	4	32	16
lmo2437	70	63	132	80
lmo2438	19	27	47	41
lmo2439	8	19	55	36
lmo2440	9	7	12	6
lmo2441	21	22	43	27
lmo2442	2	3	10	9
lmo2443	1	2	2	4
lmos89	21051	26327	17139	22209
lmo2444	7	15	22	13
lmo2445	0	0	0	1
lmo2446	0	3	6	2
lmo2447	0	0	2	0
lmo2448	66	224	282	184
lmo2449	263	1117	1229	681
lmo2450	77	330	208	147
lmo2451	300	687	452	461
lmo2452	320	634	329	413
lmo2453	286	437	213	296
lmo2454	52	1	47	1
lmo2455	653	648	668	525
lmo2456	385	229	172	165
lmo2457	264	135	97	96
lmo2458	214	124	124	100
lmo2459	675	384	283	327
lmo2460	368	152	68	55
lmo2461	157	312	242	228
lmo2462	103	265	260	166
lmo2463	32	7	86	6
lmo2464	4	5	24	15
lmo2465	8	8	21	9
lmo2466	0	0	3	0
lmot62	10	86	0	9
lmo2467	14	40	61	50
lmo2468	485	1518	665	1101
lmo2469	30	92	98	75
lmo2470	0	2	3	2
lmo2471	260	443	379	442
lmo2472	209	320	251	291
lmo2473	242	383	218	329
lmo2474	162	259	131	202
lmo2475	45	77	217	94
lmo2476	38	85	145	64
lmo2477	59	107	155	81
lmo2478	1036	3170	1076	1372
lmo2479	39	177	122	125
lmo2480	12	26	42	33
lmo2481	15	13	68	35
lmo2482	15	31	68	34
lmo2483	77	148	218	122
lmo2484	32	10	74	19
lmo2485	22	13	71	16
lmo2486	24	43	131	28
lmo2487	18	47	111	46
lmo2488	793	2225	1490	1730
lmo2489	481	1539	981	1113
lmo2490	8	28	24	19
lmo2491	54	167	149	85
lmo2492	18	81	69	36
lmo2493	17	65	42	26
lmo2494	10	3	26	3
lmo2495	5	1	14	2
lmo2496	0	0	1	1
lmo2497	0	1	2	2
lmo2498	1	0	2	1
lmo2499	1	1	5	1
lmo2500	74	119	183	105
lmo2501	26	48	72	54
lmo2502	41	152	135	109
lmo2503	57	177	232	152
lmo2504	7	29	330	120
lmo2505	107	471	2674	1071
lmo2506	67	306	1650	664
lmo2507	61	276	1217	541
lmo2508	55	136	122	107
lmo2509	47	147	129	68
lmo2510	458	948	895	751
lmo2511	1083	955	1648	1231
lmo2512	1	7	5	5
lmo2513	4	11	16	6
lmo2514	116	286	268	240
lmo2515	99	216	233	168
lmo2516	10	29	34	26
lmo2517	8	17	24	22
lmo2518	114	308	642	312
lmo2519	22	43	59	57
lmo2520	10	25	64	54
lmo2521	9	7	43	19
lmo2522	5	20	142	50
lmo2523	0	1	0	0
lmo2524	20	57	79	67
lmo2525	59	140	238	168
lmo2526	453	1215	1699	1167
lmo2527	1	5	13	5
lmo2528	243	358	534	345
lmo2529	637	927	1410	1131
lmo2530	293	434	694	535
lmo2531	458	724	903	806
lmo2532	89	125	230	134
lmo2533	94	168	248	180
lmo2534	57	80	151	106
lmo2535	107	202	329	251
lmo2536	27	36	94	57
lmo2536a	4	19	8	7
lmo2537	16	48	58	33
lmo2538	28	85	102	51
lmo2539	227	241	642	465
lmo2540	39	57	67	49
lmo2541	85	171	136	142
lmo2542	37	74	109	82
lmo2543	56	103	132	95
lmo2544	16	23	43	28
lmo2545	17	65	119	64
lmo2546	33	172	247	132
lmo2547	29	142	195	93
lmo2548	152	409	540	371
lmo2549	2	12	11	9
lmo2550	7	19	40	22
lmo2551	4	4	11	5
lmo2552	38	90	150	84
lmo2553	32	72	63	50
lmo2554	27	71	80	80
lmo2555	111	193	233	216
lmo2556	707	1951	1011	1034
lmo2557	80	200	152	144
lmo2558	271	481	590	608
lmo2559	24	84	85	88
lmo2560	49	114	137	79
lmo2561	28	37	71	49
lmo2562	8	23	22	32
lmo2563	3	12	8	4
lmo2564	22	30	52	50
lmo2565	55	134	164	152
lmo2566	32	76	52	71
lmo2567	0	0	1	1
lmo2568	1	3	7	2
lmo2569	43	88	78	63
lmo2570	31	4	78	9
lmo2571	58	21	134	10
lmo2572	66	13	118	13
lmo2573	124	39	194	20
lmo2574	149	435	295	361
lmo2575	187	920	628	489
lmo2576	5	8	8	10
lmo2577	8	11	34	24
lmo2578	32	38	80	62
lmo2579	10	15	20	21
lmo2579a	2	1	4	1
lmos90	0	1	5	6
lmo2580	21	45	23	24
lmo2581	19	38	32	18
lmo2582	7	13	79	35
lmo2583	7	7	63	20
lmo2584	7	1	53	22
lmo2585	29	3	390	178
lmo2586	196	4	1264	893
lmos91	6	12	25	18
lmo2587	1	6	5	3
lmo2588	6	82	29	21
lmo2589	38	106	85	76
lmot63	1	18	1	1
lmot64	2	31	2	6
lmor16	8847	21210	15205	29337
lmor17	252097	292555	367738	415849
lmot65	801	3016	33	135
lmot66	22	145	1	3
lmor18	52789	69625	73240	95088
lmo2590	21	27	121	66
lmo2591	17	25	47	31
lmo2592	29	37	30	39
lmo2593	13	18	11	22
lmo2594	0	1	2	1
lmo2595	0	0	0	0
lmo2596	178	505	495	550
lmo2597	138	381	396	522
lmos92	6	23	7	10
lmo2598	61	162	187	153
lmo2599	43	137	84	118
lmo2600	70	194	183	159
lmo2601	92	226	230	200
lmo2602	25	3	26	0
lmo2603	42	2	66	2
lmo2604	16	31	46	22
lmo2605	68	240	277	235
lmo2606	243	614	748	692
lmo2607	119	317	426	348
lmo2608	102	257	395	308
lmo2609	27	52	100	60
lmo2610	78	163	299	160
lmo2611	97	260	348	165
lmo2612	252	633	746	416
lmo2613	64	236	336	183
lmo2614	13	66	92	34
lmo2615	58	266	415	183
lmo2616	30	162	192	97
lmo2617	63	256	289	156
lmo2618	29	158	227	116
lmo2619	20	106	82	71
lmo2620	45	194	177	139
lmo2621	33	154	186	86
lmo2622	30	175	166	93
lmo2623	10	98	89	75
lmo2624	16	90	82	56
lmo2625	44	206	210	128
lmo2626	72	305	296	210
lmo2627	56	168	196	130
lmo2628	44	124	151	86
lmo2629	83	428	325	266
lmo2630	38	115	193	105
lmo2631	61	239	315	161
lmo2632	70	329	343	196
lmo2633	29	141	133	89
lmo2634	14	44	34	28
lmo2635	7	15	19	16
lmo2636	12	51	42	23
lmo2637	1081	1301	1086	840
lmo2638	317	392	490	402
lmo2639	27	56	69	54
lmo2640	25	46	41	35
lmo2641	32	77	83	61
lmo2642	15	32	15	11
lmo2643	65	100	143	135
lmo2644	32	61	92	65
lmo2644a	1	1	7	5
lmo2646	3	4	9	10
lmo2647	3	2	5	8
lmo2648	5	1	4	10
lmo2649	10	6	17	20
lmo2650	1	3	4	3
lmo2651	1	2	6	11
lmo2652	39	104	169	146
lmo2653	1270	2656	2352	2055
lmo2654	649	1638	1830	1249
lmo2655	116	281	346	253
lmo2656	89	207	230	190
lmo2657	68	110	123	117
lmo2658	13	23	46	19
lmo2659	27	9	18	341
lmo2660	79	22	49	973
lmo2661	16	1	17	254
lmo2662	1	0	2	59
lmo2663	69	12	243	3253
lmo2664	85	10	216	2877
lmo2665	93	11	177	2356
lmo2666	52	7	78	669
lmo2667	54	11	106	889
lmo2668	225	41	384	3994
lmo2669	12	23	11	13
lmo2670	45	27	62	25
lmo2671	41	22	88	31
lmo2672	56	25	84	29
lmo2673	90	0	68	1
lmo2674	111	21	93	21
lmo2675	10	13	23	62
lmo2676	72	133	251	362
lmo2677	66	155	226	282
lmo2678	31	55	54	82
lmo2679	69	185	177	202
lmo2680	17	33	34	28
lmo2681	7	36	13	11
lmo2682	7	21	3	5
lmo2683	1	3	0	1
lmo2684	6	8	7	8
lmo2685	2	1	1	2
lmo2686	0	3	8	1
lmo2687	3	5	7	8
lmo2688	0	6	7	6
lmo2689	10	11	10	9
lmo2689a	18	28	13	43
lmos93	64	102	120	171
lmo2690	16	44	50	45
lmo2691	101	225	532	457
lmo2692	517	1281	781	669
lmo2693	39	54	91	46
lmo2694	63	95	96	76
lmo2695	407	51	734	933
lmo2696	119	12	178	228
lmo2697	72	5	105	155
lmo2698	1	0	5	8
lmo2699	6	8	15	17
lmo2700	32	39	78	58
lmo2701	24	54	69	63
lmo2702	69	167	162	143
lmo2703	72	162	230	201
lmo2704	195	477	675	444
lmo2705	41	119	124	116
lmo2706	13	33	30	37
lmo2707	11	25	52	32
lmo2708	0	4	3	1
lmo2709	3	7	2	7
lmos94	0	0	0	0
lmo2710	7	32	23	15
lmos95	2158	1586	3074	4913
lmo2711	5	36	25	21
lmo2712	24	53	104	57
lmo2713	84	148	167	124
lmo2714	52	53	55	40
lmo2715	152	322	74	75
lmo2716	194	423	79	77
lmo2717	294	606	128	161
lmo2718	312	601	150	131
lmo2719	54	126	59	58
lmo2720	10	84	136	82
lmo2721	1	2	10	2
lmo2722	29	44	34	34
lmo2723	36	133	48	56
lmo2724	45	21	62	7
lmo2725	3	37	22	21
lmo2726	1	9	3	3
lmo2727	18	25	42	32
lmo2728	12	28	9	25
lmo2729	10	20	15	16
lmo2730	17	66	58	33
lmo2731	11	83	33	25
lmo2732	11	7	36	11
lmo2733	9	2	20	8
lmo2734	2	2	18	9
lmo2735	5	3	5	4
lmo2736	3	8	13	8
lmo2737	5	19	10	9
lmo2738	224	421	373	226
lmo2739	26	45	59	38
lmo2740	10	22	46	22
lmo2741	50	55	102	48
lmo2742	210	86	153	223
lmo2743	423	188	382	518
lmo2744	1	2	4	4
lmo2745	30	96	109	58
lmo2746	17	35	60	31
lmo2747	48	104	147	96
lmos96	106	149	182	154
lmo2748	90	0	73	0
lmo2749	1	2	0	0
lmo2750	7	5	14	10
lmo2751	9	17	41	18
lmo2752	8	21	38	30
lmo2753	1	0	0	2
lmo2754	52	98	277	120
lmo2755	36	66	125	72
lmo2756	99	250	201	145
lmo2757	87	160	120	96
lmo2758	181	643	551	290
lmo2759	245	468	451	363
lmo2760	14	39	63	50
lmos97	34	47	52	99
lmo2760a	0	0	0	0
lmo2761	8	6	20	18
lmo2762	1	0	5	3
lmo2763	6	6	5	14
lmo2764	2	5	15	7
lmo2765	0	1	3	3
lmo2766	5	9	22	4
lmo2767	25	83	125	121
lmo2768	18	22	50	30
lmo2769	10	10	41	27
lmo2770	386	897	640	548
lmo2771	8	4	25	22
lmo2772	3	1	26	15
lmo2773	16	14	68	67
lmo2774	0	0	0	0
lmo2775	0	0	0	0
lmo2776	0	0	0	0
lmo2777	12	32	34	28
lmo2778	0	3	1	3
lmo2779	21	42	64	48
lmo2780	0	0	2	1
lmo2781	2	2	14	9
lmo2782	1	0	0	0
lmo2783	3	4	3	3
lmo2784	41	81	80	84
lmo2785	885	1634	1864	1591
lmo2786	2	0	1	2
lmo2787	0	1	1	2
lmo2788	142	112	370	263
lmo2789	64	95	77	70
lmo2790	201	372	340	331
lmo2791	100	290	209	201
lmo2792	289	645	258	406
lmo2793	12	17	37	23
lmo2794	43	128	203	118
lmo2795	15	46	108	87
lmo2796	21	22	104	84
lmo2797	5	3	43	33
lmo2798	3	3	33	19
lmo2799	2	2	20	53
lmo2800	2	0	17	31
lmo2801	4	0	11	21
lmo2802	8	40	44	28
lmo2802a	1	0	0	0
lmo2803	1	1	2	0
lmo2804	4	7	14	12
lmo2805	0	0	0	0
lmo2806	0	0	0	0
lmo2807	0	0	0	0
lmo2808	0	0	0	0
lmo2809	0	0	0	0
lmo2810	108	253	188	151
lmo2811	53	183	109	98
lmo2812	0	3	0	0
lmo2813	6	12	15	18
lmo2814	11	8	12	9
lmo2815	6	26	8	12
lmo2816	1	9	8	6
lmo2817	6	10	9	22
lmo2818	5	8	7	7
lmo2819	0	6	5	8
lmo2820	18	29	77	36
lmo2821	4	7	12	10
lmo2822	10	9	49	42
lmo2823	27	59	154	98
lmo2824	120	310	449	392
lmo2825	85	199	331	232
lmo2826	3	17	19	14
lmo2827	4	7	15	8
lmo2828	85	174	154	443
lmo2829	57	184	88	84
lmo2830	72	242	120	211
lmo2831	9	6	24	8
lmo2832	13	14	65	36
lmo2833	2	4	10	1
lmo2834	0	0	0	0
lmo2835	1	2	5	1
lmo2836	0	1	2	1
lmo2837	0	0	0	0
lmo2838	0	0	0	0
lmo2839	0	0	4	0
lmo2840	0	0	1	0
lmo2841	0	0	1	0
lmo2842	8	19	33	27
lmot67	2	9	4	8
lmo2843	30	77	121	48
lmo2844	8	25	20	14
lmo2845	15	113	67	51
lmo2846	0	0	4	3
lmo2847	5	0	7	12
lmo2848	3	1	12	4
lmo2849	5	1	20	10
lmo2850	3	1	9	3
lmo2851	16	3	53	33
lmo2852	0	1	5	0
lmo2853	65	65	183	156
lmo2854	37	41	110	79
lmo2855	5	12	35	17
lmo2856	27	146	113	100
lmo2857	2	2	4	3
